000000093766
000000475893
000000356112
000000211807
000000289572
000000084000
000000208408
000000329641
000000551107
000000168067
000000250599
000000036382
000000322164
000000235906
000000063595
000000491707
000000530620
000000091057
000000233437
000000160900
000000317407
000000188287
000000265532
000000397291
000000010369
000000473003
000000523309
000000412363
000000341592
000000427965
000000333324
000000251439
000000318789
000000237110
000000014468
000000270234
000000039399
000000252244
000000028044
000000178939
000000450596
000000292804
000000156806
000000282719
000000571012
000000445371
000000198724
000000134551
000000075925
000000220835
000000065516
000000194054
000000027157
000000296564
000000126727
000000424560
000000195391
000000430744
000000247519
000000049183
000000013616
000000403644
000000409884
000000360231
000000412200
000000335733
000000452756
000000254117
000000496121
000000409414
000000356673
000000135578
000000217448
000000277788
000000426179
000000094307
000000006753
000000382603
000000249141
000000263901
000000481162
000000268992
000000361253
000000287437
000000493753
000000044504
000000322943
000000478922
000000319855
000000052320
000000225587
000000113952
000000515430
000000150378
000000176408
000000565571
000000508855
000000166880
000000184266
000000169573
000000009557
000000266366
000000516598
000000561620
000000443204
000000386179
000000508286
000000295756
000000502317
000000549644
000000552075
000000166323
000000299836
000000439738
000000248779
000000555109
000000092016
000000408599
000000451922
000000082363
000000265008
000000530583
000000056725
000000333575
000000345401
000000291072
000000274494
000000028420
000000286576
000000399181
000000089914
000000008053
000000141387
000000565081
000000063879
000000043838
000000136783
000000345536
000000101503
000000338098
000000255928
000000387482
000000263294
000000555797
000000010290
000000063498
000000535732
000000534121
000000222811
000000102503
000000336763
000000112478
000000150301
000000421734
000000495167
000000110169
000000039588
000000068032
000000276204
000000411913
000000364470
000000383893
000000485142
000000034689
000000494446
000000353920
000000492075
000000047640
000000516346
000000372775
000000476220
000000231102
000000164146
000000085790
000000061972
000000470641
000000094667
000000106228
000000199783
000000001099
000000033042
000000298773
000000025886
000000502441
000000555101
000000566837
000000288000
000000390439
000000211107
000000308774
000000244406
000000069223
000000103538
000000150127
000000496306
000000503081
000000146276
000000538058
000000037126
000000272008
000000036425
000000558798
000000431967
000000382662
000000057256
000000190945
000000124889
000000431426
000000410622
000000404753
000000578498
000000511853
000000188421
000000556883
000000236650
000000380315
000000281700
000000426038
000000230610
000000050753
000000436619
000000343309
000000574845
000000109558
000000011238
000000047418
000000445187
000000290153
000000106193
000000187064
000000400916
000000371940
000000433046
000000393692
000000075311
000000025743
000000302601
000000316269
000000358642
000000145113
000000326290
000000092274
000000339849
000000535171
000000114519
000000341725
000000487757
000000093331
000000530461
000000397522
000000065113
000000392060
000000345562
000000508939
000000156759
000000398454
000000092988
000000187846
000000263327
000000333841
000000175000
000000287822
000000471535
000000226404
000000543062
000000051089
000000342797
000000193649
000000322831
000000544731
000000487702
000000260794
000000031919
000000031519
000000160308
000000546765
000000009112
000000268036
000000158036
000000071986
000000377804
000000418257
000000453221
000000515123
000000504034
000000551676
000000063791
000000214803
000000263970
000000028654
000000015017
000000443687
000000199995
000000503207
000000375304
000000131570
000000002072
000000461644
000000357312
000000043543
000000025322
000000536716
000000430155
000000052348
000000208206
000000548428
000000486905
000000394691
000000090169
000000141538
000000492583
000000544819
000000342105
000000545000
000000289194
000000063566
000000089071
000000508343
000000173184
000000485632
000000138317
000000278001
000000178870
000000023096
000000373683
000000461786
000000095822
000000093806
000000013959
000000309875
000000542200
000000502712
000000080928
000000552956
000000577979
000000399784
000000280437
000000401901
000000151885
000000252968
000000253122
000000397352
000000559261
000000126282
000000205631
000000097507
000000550206
000000059494
000000097165
000000498339
000000268647
000000000368
000000541385
000000235358
000000139500
000000330511
000000526082
000000572665
000000433667
000000328158
000000013195
000000402405
000000308468
000000300024
000000192077
000000427434
000000243627
000000474502
000000373923
000000331496
000000222696
000000000943
000000306611
000000538643
000000580591
000000063307
000000042499
000000072650
000000126628
000000130320
000000473299
000000557875
000000118881
000000085659
000000104953
000000246139
000000209643
000000360778
000000206851
000000565203
000000430577
000000253266
000000158087
000000062127
000000147459
000000337019
000000023487
000000090628
000000557812
000000073374
000000559995
000000288559
000000325666
000000464030
000000127122
000000441105
000000097283
000000057764
000000315810
000000348076
000000352248
000000360263
000000162435
000000110136
000000269058
000000194850
000000471946
000000156935
000000305348
000000061779
000000324448
000000537875
000000450647
000000254801
000000044672
000000082766
000000546686
000000505455
000000556216
000000020172
000000082704
000000020640
000000510096
000000178796
000000425161
000000412248
000000048670
000000042339
000000513699
000000375361
000000499249
000000153764
000000533770
000000572349
000000072156
000000384110
000000037032
000000564936
000000006107
000000373439
000000221587
000000561967
000000341487
000000439423
000000476406
000000229159
000000125262
000000206196
000000402384
000000445004
000000260656
000000363826
000000011497
000000250655
000000250204
000000328574
000000564265
000000365386
000000037401
000000428726
000000038411
000000168557
000000516026
000000522958
000000191651
000000495043
000000381017
000000300814
000000194346
000000206231
000000091149
000000093554
000000263231
000000077874
000000431012
000000191913
000000431885
000000463301
000000389205
000000457169
000000440928
000000383470
000000393333
000000056313
000000340136
000000466466
000000380780
000000013124
000000513124
000000175847
000000218113
000000233471
000000040111
000000093382
000000464366
000000213312
000000353344
000000387379
000000174167
000000092096
000000407378
000000487551
000000079868
000000331749
000000469392
000000065211
000000514083
000000095494
000000357824
000000488059
000000280132
000000153971
000000467662
000000117531
000000095749
000000519405
000000565742
000000539984
000000236535
000000174669
000000104724
000000061395
000000055859
000000190441
000000027105
000000127189
000000489121
000000442556
000000468318
000000098098
000000300979
000000349964
000000039068
000000058851
000000245145
000000537710
000000219841
000000293342
000000108223
000000501026
000000165106
000000151172
000000212887
000000386695
000000142102
000000342296
000000561199
000000518761
000000030314
000000177847
000000378375
000000448700
000000067057
000000426064
000000311286
000000004338
000000018513
000000319038
000000114398
000000184786
000000190015
000000008401
000000200699
000000071429
000000242100
000000346898
000000421325
000000234834
000000258888
000000470970
000000330284
000000394208
000000505492
000000229574
000000235783
000000206318
000000021981
000000168259
000000420658
000000340197
000000570069
000000426948
000000111121
000000108020
000000064593
000000096043
000000328783
000000082142
000000095033
000000399939
000000064233
000000173279
000000056859
000000320290
000000166179
000000134194
000000484498
000000027272
000000411815
000000457691
000000165053
000000039888
000000189159
000000134071
000000185366
000000315461
000000571948
000000403109
000000540978
000000373292
000000140210
000000358555
000000396550
000000548565
000000137072
000000285717
000000066800
000000420579
000000441480
000000278673
000000480205
000000105472
000000460043
000000053662
000000085018
000000064136
000000357386
000000148024
000000026101
000000421155
000000004624
000000290521
000000013356
000000165012
000000578221
000000104051
000000058563
000000337139
000000249676
000000457780
000000173580
000000573355
000000297314
000000132574
000000114087
000000072120
000000260917
000000455044
000000512346
000000032248
000000570403
000000479809
000000426875
000000148205
000000198057
000000202080
000000297069
000000337930
000000309499
000000182240
000000445972
000000015276
000000321418
000000345063
000000091735
000000456639
000000330676
000000224285
000000496845
000000352276
000000168574
000000407457
000000509587
000000446084
000000228560
000000474800
000000365261
000000115459
000000424633
000000283377
000000513200
000000569452
000000425815
000000098671
000000445915
000000572411
000000516880
000000577619
000000140691
000000509402
000000275115
000000273230
000000469838
000000327970
000000303232
000000258518
000000305732
000000012986
000000321493
000000388575
000000471352
000000072978
000000112395
000000150500
000000404504
000000465449
000000425077
000000044642
000000493329
000000529360
000000564687
000000113989
000000090573
000000145915
000000330356
000000072861
000000016486
000000353133
000000578350
000000179094
000000489346
000000576537
000000180315
000000357930
000000236882
000000567253
000000578467
000000369610
000000027701
000000029509
000000575496
000000313057
000000016879
000000572615
000000373410
000000454956
000000498263
000000017078
000000030289
000000041959
000000105545
000000316000
000000274036
000000259253
000000535292
000000382263
000000057115
000000568087
000000224735
000000225343
000000399213
000000544035
000000145562
000000448839
000000570788
000000298060
000000281085
000000456483
000000292888
000000261789
000000491850
000000225663
000000429568
000000231222
000000215679
000000005086
000000146467
000000334217
000000337784
000000536041
000000166560
000000519490
000000569599
000000000109
000000280084
000000497622
000000310868
000000133467
000000523795
000000525990
000000349134
000000419780
000000393630
000000055317
000000251311
000000416957
000000191047
000000487930
000000040621
000000338488
000000000307
000000154119
000000557496
000000410236
000000576017
000000302243
000000255186
000000482733
000000411583
000000500650
000000020193
000000454622
000000405021
000000213650
000000204806
000000465080
000000104841
000000247895
000000263826
000000553867
000000016673
000000387529
000000455882
000000575758
000000558942
000000261281
000000465156
000000142622
000000069860
000000555982
000000443934
000000107661
000000581881
000000276918
000000006380
000000274331
000000230670
000000119283
000000556843
000000030381
000000468846
000000103579
000000178708
000000449529
000000426094
000000059322
000000113054
000000535994
000000547367
000000142380
000000369820
000000341929
000000308263
000000571803
000000288137
000000524049
000000035297
000000117497
000000239552
000000156043
000000012382
000000129557
000000469480
000000254179
000000162770
000000354303
000000385695
000000105116
000000295556
000000250380
000000003118
000000127324
000000235840
000000078575
000000558171
000000057340
000000308168
000000553668
000000484467
000000036341
000000316147
000000254327
000000525714
000000363037
000000271250
000000465854
000000371135
000000048340
000000025144
000000432616
000000175368
000000037354
000000123692
000000257796
000000145749
000000204999
000000397736
000000384038
000000308223
000000482148
000000167908
000000352515
000000447083
000000487854
000000392981
000000346062
000000025777
000000307970
000000302547
000000218017
000000017927
000000167992
000000512944
000000302512
000000152425
000000066510
000000406662
000000187642
000000560143
000000398188
000000213933
000000186578
000000360826
000000206413
000000498638
000000093725
000000421367
000000143944
000000002184
000000151200
000000461860
000000444141
000000556547
000000229001
000000190981
000000119922
000000377329
000000007503
000000283573
000000323752
000000477298
000000363469
000000178145
000000465693
000000051620
000000004901
000000203214
000000445268
000000015175
000000239241
000000268081
000000375110
000000160671
000000074711
000000322894
000000565399
000000130262
000000048263
000000312343
000000168231
000000446637
000000204170
000000398505
000000373785
000000027756
000000084984
000000113736
000000361692
000000283240
000000065755
000000426815
000000044536
000000448787
000000129142
