000000312046
000000398397
000000523244
000000556183
000000175310
000000272217
000000330807
000000204075
000000143822
000000062426
000000262997
000000166297
000000541730
000000332463
000000378604
000000234592
000000058102
000000237655
000000070257
000000136233
000000313984
000000504861
000000376009
000000539632
000000190111
000000349083
000000195826
000000210813
000000251557
000000277426
000000127921
000000336839
000000043218
000000097017
000000149188
000000255654
000000182863
000000168843
000000144194
000000257021
000000492363
000000214641
000000490338
000000314108
000000357852
000000101189
000000483285
000000465138
000000241025
000000217137
000000434665
000000406920
000000115237
000000542853
000000253455
000000253764
000000135122
000000360066
000000389244
000000135502
000000415370
000000383213
000000340544
000000163474
000000062474
000000066493
000000398214
000000431133
000000162561
000000332352
000000440443
000000263177
000000568744
000000300488
000000139214
000000483823
000000529578
000000031339
000000501257
000000271906
000000225494
000000528957
000000486081
000000141581
000000164941
000000256875
000000576849
000000074572
000000514515
000000292312
000000266021
000000554828
000000548532
000000558036
000000350447
000000231604
000000007159
000000267972
000000257136
000000370475
000000224462
000000400405
000000215586
000000373997
000000546164
000000269964
000000532867
000000141146
000000108510
000000451014
000000202681
000000358982
000000469961
000000373029
000000211410
000000223454
000000228045
000000575197
000000227363
000000469913
000000005064
000000547247
000000400828
000000252383
000000211163
000000254711
000000461836
000000476300
000000459301
000000532482
000000247346
000000576996
000000461336
000000165798
000000421893
000000302582
000000478140
000000047552
000000531844
000000143528
000000544780
000000368307
000000339499
000000238915
000000016659
000000055915
000000166837
000000465047
000000546966
000000178317
000000113233
000000138963
000000217201
000000535212
000000248879
000000427343
000000316075
000000507633
000000373325
000000194754
000000037567
000000137811
000000115006
000000103726
000000377422
000000037953
000000459653
000000561487
000000367260
000000097406
000000139083
000000310196
000000038904
000000499105
000000531453
000000461175
000000378059
000000279022
000000429829
000000006041
000000069544
000000386068
000000491991
000000071232
000000561724
000000094097
000000534848
000000439185
000000260415
000000432453
000000221379
000000388227
000000052582
000000115356
000000362391
000000391887
000000560850
000000273088
000000095321
000000340998
000000445754
000000293452
000000160931
000000577589
000000231035
000000168215
000000440592
000000073814
000000159601
000000506331
000000064036
000000537631
000000002890
000000477782
000000453649
000000450414
000000292645
000000526445
000000493926
000000473712
000000499615
000000232900
000000444817
000000462052
000000561756
000000061605
000000177284
000000478868
000000204589
000000308128
000000164420
000000136740
000000357493
000000079217
000000261068
000000269799
000000008119
000000387762
000000031078
000000417594
000000297669
000000011158
000000022224
000000425461
000000545329
000000050552
000000217068
000000516732
000000178487
000000173451
000000437497
000000166463
000000484289
000000092549
000000502513
000000465351
000000053597
000000429361
000000553894
000000024193
000000539265
000000211508
000000157251
000000233560
000000020315
000000293252
000000540869
000000185590
000000268681
000000312465
000000311953
000000346641
000000430808
000000120935
000000035126
000000234615
000000548893
000000494749
000000129592
000000043610
000000055118
000000085048
000000243472
000000144723
000000201930
000000515300
000000505400
000000537069
000000492801
000000173046
000000255990
000000241837
000000009895
000000341272
000000551357
000000525580
000000293130
000000355638
000000220487
000000112830
000000285599
000000089563
000000219174
000000325115
000000495891
000000378451
000000030109
000000443593
000000325152
000000424481
000000183350
000000518010
000000203711
000000107306
000000172162
000000559721
000000434139
000000336049
000000469721
000000119402
000000032773
000000360342
000000119047
000000337479
000000256308
000000207204
000000565332
000000110251
000000301597
000000323208
000000202850
000000067470
000000395765
000000505028
000000018736
000000559633
000000048201
000000346334
000000138192
000000039012
000000491830
000000203669
000000398632
000000543239
000000515704
000000531032
000000232329
000000282618
000000378628
000000067623
000000233956
000000366576
000000421437
000000578082
000000573033
000000291599
000000260942
000000156170
000000006602
000000576158
000000312486
000000468193
000000284426
000000154685
000000166049
000000200611
000000510333
000000505113
000000569349
000000186233
000000436835
000000005355
000000382333
000000288421
000000375846
000000142287
000000532107
000000149263
000000046674
000000054850
000000418384
000000077926
000000016706
000000203452
000000045828
000000256447
000000405931
000000284351
000000314297
000000565834
000000147301
000000509859
000000495218
000000201236
000000309206
000000549301
000000117424
000000205955
000000031376
000000348204
000000353302
000000458177
000000115816
000000423830
000000045175
000000380482
000000325567
000000153834
000000413222
000000230315
000000070336
000000101567
000000172004
000000117121
000000220182
000000218749
000000342688
000000406208
000000317130
000000525513
000000506544
000000243187
000000370583
000000008595
000000215873
000000231381
000000089834
000000315605
000000239382
000000467204
000000359143
000000524909
000000374538
000000228919
000000494039
000000561407
000000008228
000000540207
000000260982
000000389634
000000489261
000000223243
000000047734
000000335847
000000089221
000000461914
000000285493
000000202653
000000252008
000000079696
000000192816
000000100581
000000261630
000000537919
000000440060
000000479315
000000456045
000000016928
000000314880
000000317019
000000033861
000000012475
000000420702
000000542694
000000030238
000000497096
000000003623
000000577219
000000571989
000000299734
000000473673
000000519347
000000220739
000000232511
000000333087
000000230212
000000436172
000000420113
000000356641
000000273516
000000206622
000000337667
000000530925
000000382357
000000232114
000000042166
000000153190
000000455229
000000521649
000000301781
000000394468
000000140285
000000380698
000000453319
000000443883
000000265573
000000491377
000000524887
000000330486
000000180442
000000000061
000000010219
000000459914
000000007205
000000003461
000000056668
000000204098
000000348015
000000553081
000000186998
000000475840
000000005178
000000150779
000000393762
000000478567
000000290002
000000503015
000000296865
000000481749
000000086086
000000021384
000000415789
000000052425
000000018367
000000323851
000000229114
000000312248
000000291506
000000221335
000000337256
000000457437
000000521697
000000000625
000000358060
000000429092
000000388761
000000290898
000000316012
000000297249
000000378983
000000169648
000000321026
000000551701
000000422314
000000549936
000000503703
000000028881
000000081592
000000224910
000000513494
000000050782
000000145429
000000093971
000000273804
000000161470
000000511463
000000168622
000000098141
000000532989
000000520259
000000074007
000000557101
000000286414
000000004517
000000290839
000000531146
000000364113
000000447607
000000529096
000000047071
000000158952
000000496632
000000537343
000000471665
000000218578
000000009190
000000104689
000000311583
000000074901
000000160110
000000285220
000000523161
000000520572
000000018000
000000266437
000000378272
000000529838
000000182291
000000228832
000000267704
000000526840
000000161873
000000438095
000000519945
000000233817
000000225738
000000308086
000000452213
000000365344
000000330025
000000271741
000000362275
000000397455
000000052951
000000023369
000000508906
000000248809
000000092060
000000422536
000000323813
000000154502
000000564589
000000103897
000000329001
000000425398
000000224497
000000260716
000000147539
000000445859
000000105918
000000356765
000000521914
000000114203
000000060415
000000183187
000000525619
000000389174
000000414068
000000034014
000000189742
000000341161
000000210042
000000156455
000000517534
000000161383
000000539908
000000274574
000000506416
000000162102
000000003224
000000047589
000000005259
000000484074
000000132515
000000266153
000000504123
000000570088
000000305384
000000221477
000000013992
000000108338
000000103819
000000049378
000000524723
000000244847
000000439781
000000086620
000000127869
000000045193
000000555738
000000147835
000000291962
000000140539
000000292058
000000286792
000000227103
000000169683
000000440500
000000161033
000000171524
000000265084
000000417430
000000122811
000000489183
000000082933
000000438989
000000400062
000000301171
000000303892
000000573479
000000237780
000000441211
000000216386
000000029732
000000248193
000000064974
000000258095
000000311913
000000256481
000000029406
000000542510
000000067419
000000492407
000000547413
000000281674
000000311075
000000321089
000000023162
000000331126
000000079768
000000483656
000000306160
000000501540
000000275046
000000524431
000000158883
000000099928
000000346445
000000242897
000000130069
000000154028
000000318108
000000486547
000000523267
000000485547
000000471837
000000147970
000000404585
000000541783
000000184504
000000303743
000000309696
000000217228
000000057617
000000390915
000000258566
000000211458
000000024106
000000011402
000000402071
000000019239
000000326941
000000430473
000000367509
000000128020
000000287402
000000533504
000000573066
000000492170
000000151434
000000371155
000000547859
000000575624
000000015984
000000481090
000000030429
000000568668
000000068894
000000476443
000000543916
000000377672
000000499138
000000409020
000000262393
000000133200
000000387410
000000026174
000000480490
000000423025
000000089877
000000545874
000000360132
000000024938
000000127527
000000476109
000000346028
000000058522
000000304060
000000344726
000000119423
000000258176
000000349185
000000455741
000000416193
000000198001
000000462342
000000359704
000000288025
000000374241
000000175210
000000136503
000000142016
000000571774
000000493612
000000115077
000000391325
000000261665
000000444043
000000568425
000000247369
000000001014
000000488146
000000024778
000000395865
000000287666
000000505919
000000371395
000000398540
000000007267
000000017604
000000005146
000000559127
000000361059
000000240225
000000305986
000000553046
000000215558
000000376684
000000160402
000000169606
000000385178
000000486503
000000403966
000000056250
000000574135
000000185988
000000411044
000000462081
000000459465
000000066755
000000202270
000000409468
000000402163
000000561650
000000443319
000000080480
000000049819
000000241786
000000027565
000000391989
000000080279
000000095018
000000352217
000000001270
000000436023
000000171850
000000404373
000000155930
000000024285
000000208140
000000325043
000000300102
000000345961
000000516416
000000474399
000000367611
000000282027
000000063418
000000030764
000000310082
000000344902
000000022085
000000467246
000000370012
000000193383
000000544695
000000571125
000000068231
000000379230
000000337194
000000494856
000000481585
000000371283
000000099265
000000232592
000000025959
000000127680
000000115374
000000115584
000000204024
000000467032
000000055516
000000051149
000000004066
000000040228
000000052281
000000348111
000000448352
000000124861
000000442646
000000416279
000000398756
000000101738
000000277518
000000156480
000000309474
000000441659
000000242821
000000555357
000000143440
000000353593
000000232801
000000144444
000000479103
000000040470
000000095864
000000307825
000000153140
000000467842
000000042870
000000456800
000000305319
000000332912
000000381403
000000462925
000000099519
000000555932
000000241886
000000244908
000000016071
000000422744
000000165969
000000456322
000000478433
000000118162
000000207033
000000459673
000000367362
000000225071
000000203251
000000233399
000000495825
000000379488
000000057919
000000245846
000000211684
000000184369
000000391284
000000326420
000000259189
000000285096
000000519899
000000372043
000000273586
