000000258400
000000135332
000000419752
000000210065
000000301837
000000528243
000000573935
000000297877
000000082324
000000248370
000000116223
000000570016
000000151100
000000572015
000000483545
000000319117
000000284253
000000320978
000000057213
000000523560
000000339244
000000509822
000000146855
000000383341
000000018958
000000118356
000000305464
000000512797
000000353902
000000392612
000000239114
000000024582
000000301926
000000140129
000000556666
000000101966
000000458785
000000304849
000000444703
000000366405
000000270749
000000365137
000000524844
000000301648
000000254046
000000232277
000000534573
000000171785
000000026497
000000199492
000000245384
000000068572
000000453738
000000273002
000000493704
000000059352
000000083277
000000185830
000000057864
000000510012
000000300057
000000164779
000000365456
000000192671
000000367554
000000160341
000000317460
000000458160
000000279097
000000061293
000000454566
000000049549
000000059110
000000172196
000000479762
000000076268
000000062985
000000125711
000000477172
000000564803
000000324366
000000567836
000000138896
000000330986
000000150331
000000374966
000000010442
000000528937
000000534702
000000340508
000000404139
000000511276
000000352120
000000307186
000000464092
000000299148
000000501867
000000499037
000000033939
000000126457
000000509547
000000407522
000000398007
000000369202
000000325495
000000467339
000000223777
000000195420
000000283208
000000216556
000000293811
000000246855
000000087393
000000176785
000000480643
000000334466
000000485267
000000031057
000000547435
000000237427
000000476061
000000419349
000000185293
000000413746
000000450918
000000524651
000000123155
000000491793
000000243051
000000376123
000000500226
000000337707
000000124663
000000096946
000000044732
000000276951
000000032289
000000179930
000000032193
000000240436
000000341341
000000394325
000000114815
000000091474
000000360504
000000409796
000000075033
000000553561
000000068751
000000218312
000000259543
000000178994
000000139007
000000090058
000000050049
000000349907
000000273188
000000177755
000000001063
000000172248
000000531917
000000124991
000000379376
000000440311
000000505057
000000291930
000000484899
000000339151
000000563711
000000311882
000000509154
000000017282
000000530717
000000211725
000000417402
000000528404
000000576082
000000278628
000000310524
000000161156
000000181571
000000076329
000000079274
000000071911
000000479578
000000519877
000000392674
000000322473
000000407040
000000515785
000000000839
000000558009
000000222893
000000024095
000000361920
000000485680
000000238392
000000291755
000000484689
000000046545
000000431569
000000400353
000000213537
000000427471
000000137706
000000100781
000000143339
000000179950
000000228539
000000206155
000000066652
000000438682
000000476647
000000377597
000000171045
000000007838
000000363252
000000264381
000000051984
000000076213
000000138571
000000403351
000000391912
000000200217
000000251496
000000228794
000000440666
000000347155
000000015830
000000127785
000000282879
000000239198
000000199331
000000143192
000000413942
000000356836
000000420914
000000005005
000000290969
000000316806
000000080801
000000526622
000000400948
000000179578
000000409369
000000176226
000000194407
000000236505
000000207097
000000026538
000000506821
000000253965
000000002014
000000049450
000000200351
000000310342
000000209383
000000557640
000000094825
000000412551
000000232544
000000045283
000000307932
000000530256
000000072391
000000391933
000000181932
000000482505
000000023630
000000578958
000000155269
000000214489
000000474246
000000337818
000000271006
000000548291
000000134846
000000175774
000000178244
000000400593
000000542960
000000406097
000000338319
000000541264
000000150987
000000267008
000000155624
000000491268
000000179034
000000518729
000000190056
000000530783
000000567566
000000249921
000000080389
000000237090
000000335590
000000540925
000000491172
000000438753
000000002782
000000478837
000000286212
000000139781
000000153655
000000356937
000000548198
000000057071
000000531973
000000387562
000000478287
000000271418
000000544481
000000221234
000000136141
000000427165
000000215196
000000136977
000000553154
000000193243
000000437145
000000132120
000000221927
000000341899
000000091301
000000089905
000000518553
000000461510
000000092731
000000234057
000000143129
000000096997
000000290741
000000130192
000000545679
000000145056
000000328421
000000253942
000000110777
000000134606
000000326083
000000406948
000000344483
000000352552
000000038256
000000072342
000000386623
000000124297
000000538413
000000188120
000000272396
000000508247
000000372633
000000539139
000000060688
000000443562
000000266847
000000476032
000000000419
000000456351
000000191978
000000026302
000000333910
000000546581
000000533550
000000217959
000000502936
000000094350
000000462516
000000483375
000000383737
000000417823
000000087726
000000014801
000000111867
000000234023
000000330727
000000230141
000000158729
000000238675
000000279716
