000000555245
000000364288
000000093183
000000421028
000000085721
000000345838
000000517139
000000183827
000000331236
000000036022
000000230119
000000153574
000000145087
000000486376
000000122916
000000198363
000000463678
000000463226
000000579186
000000235564
000000533454
000000492677
000000187683
000000029224
000000290262
000000398164
000000532535
000000490596
000000243331
000000270703
000000539538
000000093269
000000118840
000000335336
000000271934
000000014392
000000231466
000000295116
000000434457
000000155344
000000254510
000000338265
000000281108
000000084193
000000261863
000000111824
000000298726
000000275466
000000435360
000000272335
000000463603
000000192369
000000400202
000000221820
000000145823
000000572487
000000130654
000000399759
000000118734
000000299970
000000368148
000000240399
000000368515
000000086875
000000136595
000000340941
000000078286
000000466935
000000183276
000000460910
000000083815
000000447773
000000218284
000000571564
000000062307
000000250250
000000354248
000000323389
000000078696
000000416864
000000314986
000000421853
000000558134
000000253728
000000279874
000000449686
000000413354
000000398941
000000427770
000000552656
000000183666
000000395013
000000010097
000000027540
000000224693
000000541705
000000333754
000000190362
000000263647
000000132719
000000149095
000000386204
000000394483
000000177023
000000187609
000000334283
000000514557
000000310843
000000405177
000000390269
000000546296
000000278570
000000418085
000000413096
000000352421
000000364145
000000145335
000000012881
000000143151
000000570779
000000021746
000000505242
000000343520
000000533942
000000124934
000000389133
000000342385
000000019766
000000568187
000000085097
000000062756
000000507551
000000167553
000000060678
000000182976
000000033315
000000211860
000000213455
000000166504
000000074412
000000468137
000000267126
000000493482
000000326232
000000578671
000000139192
000000393284
000000221532
000000459104
000000020512
000000164568
000000225015
000000141659
000000399875
000000352184
000000315705
000000216083
000000397163
000000133025
000000269022
000000470049
000000411443
000000405209
000000262933
000000287767
000000226613
000000053496
000000050658
000000557832
000000504299
000000047203
000000220898
000000033077
000000438550
000000122682
000000015733
000000039098
000000435751
000000424867
000000467580
000000555311
000000061588
