000000285914
000000321665
000000320611
000000101620
000000100642
000000535049
000000026522
000000419445
000000396905
000000537955
000000297559
000000089012
000000012817
000000025997
000000462709
000000006160
000000044093
000000571513
000000200807
000000452674
000000455665
000000512116
000000374051
000000495387
000000127994
000000057390
000000299781
000000581821
000000493888
000000547156
000000299675
000000549821
000000100516
000000491427
000000089320
000000452931
000000314068
000000050592
000000041839
000000093048
000000564151
000000329613
000000499281
000000255224
000000573263
000000374106
000000435134
000000518610
000000165172
000000493197
000000290410
000000195179
000000540186
000000521222
000000316781
000000198436
000000075521
000000045668
000000308520
000000059550
000000106915
000000124145
000000226801
000000176168
000000052624
000000054607
000000208844
000000084283
000000093007
000000056684
000000528148
000000310753
000000474356
000000069514
000000520000
000000374351
000000203827
000000254281
000000517699
000000568111
000000466599
000000214856
000000029698
000000262460
000000564830
000000366207
000000434561
000000454388
000000146078
000000472659
000000180040
000000152389
000000034114
000000002296
000000177166
000000509526
000000187368
000000219687
000000435479
000000095273
000000250051
000000361831
000000128838
000000570175
000000185158
000000421676
000000006720
000000496894
000000321646
000000290183
000000572443
000000043324
000000321168
000000225228
000000440015
000000280702
000000389721
000000499324
000000173968
000000498967
000000137275
000000108548
000000192834
000000029909
000000027789
000000083986
000000575606
000000191242
000000111062
000000270351
000000433019
000000237263
000000471085
000000238090
000000354716
000000226897
000000273416
000000201305
000000068075
000000323424
000000157822
000000581795
000000441415
000000088603
000000049331
000000155993
000000301684
000000026164
000000471322
000000229228
000000543681
000000268728
000000358081
000000310564
000000404013
000000453093
000000174698
000000267498
000000307050
000000306975
000000298596
000000307757
000000255335
000000493953
000000298906
000000405767
000000464993
000000489721
000000447432
000000327575
000000488457
000000228464
000000168097
000000542458
000000351729
000000175688
000000466863
000000230864
000000174576
000000128903
000000105786
000000048972
000000174806
000000189794
000000547318
000000440707
000000254414
000000382631
000000557422
000000567057
000000135966
000000073437
000000473420
000000233977
000000450464
000000297770
000000360181
000000494940
000000218388
000000500473
000000143749
000000380096
000000438514
000000010472
000000170311
000000407072
000000336580
000000255440
000000198661
000000157748
000000579700
000000354235
000000480752
000000338941
000000308026
000000536795
000000030255
000000135206
000000253413
000000066711
000000024242
000000357432
000000363541
000000143560
000000443749
000000320333
000000054652
000000401229
000000526291
000000557345
000000468238
000000539557
000000166096
000000032102
000000506699
000000326663
000000561907
000000496073
000000476679
000000054736
000000338562
000000479941
000000373060
000000291028
000000200988
000000151599
000000090501
000000337047
000000027873
000000005769
000000471500
000000492492
000000475882
000000160610
000000384698
000000205251
000000532277
000000025252
000000545992
000000473896
000000247576
000000501225
000000320482
000000255741
000000369593
000000422029
000000245417
000000196090
000000174188
000000350552
000000473196
000000477887
000000430665
000000431025
000000236837
000000187882
000000311715
000000536433
000000263780
000000163435
000000479333
000000004201
000000022806
000000303407
000000543218
000000130955
000000538977
000000494794
000000414374
000000179346
000000509049
000000193617
000000329118
000000163240
000000000025
000000455523
000000085218
000000122314
000000233164
000000070285
000000096354
000000013150
000000520883
000000276151
000000087783
000000500179
000000498283
000000169945
000000140387
000000526401
000000415533
000000013325
000000355550
000000419624
000000541072
000000148309
000000246044
000000216443
000000377060
000000542248
000000579885
000000172923
000000291780
000000042105
000000370157
000000227216
000000164493
000000102024
000000557163
000000412788
000000043919
000000305634
000000041293
000000000690
000000574014
000000299271
000000209474
000000504265
000000345937
000000467502
000000459001
000000169097
000000460149
000000284599
000000214605
000000352498
000000091378
000000038055
000000471179
000000425269
000000198935
000000097543
000000016520
000000563764
000000131915
000000374405
000000368460
000000366316
000000157168
000000170850
000000346932
000000443834
000000520840
000000154443
000000378692
000000463469
000000217780
000000506783
000000237919
000000395973
000000354993
000000221684
000000371106
000000098549
000000096765
000000138456
000000231963
000000544071
000000074390
000000157806
000000357164
000000024458
000000111799
000000348306
000000203926
000000087680
000000027844
000000474423
000000483742
000000452187
000000234700
000000290285
000000403758
000000510395
000000064746
000000084786
000000016111
000000064497
000000503255
000000401507
000000273904
000000295270
000000320641
000000339344
000000368442
000000206377
000000450245
000000339361
000000449392
000000125567
000000402897
000000555771
000000210570
000000070269
000000451825
000000322023
000000004286
000000019918
000000377837
000000258315
000000240137
000000376984
000000328818
000000274126
000000308078
000000349267
000000302035
000000384230
000000126345
000000515668
000000242631
000000056042
000000211216
000000288453
000000053120
000000005437
000000429015
000000087588
000000099907
000000388353
000000281429
000000028930
000000538454
000000254615
000000353666
000000159656
000000375226
000000412876
000000088339
000000496696
000000215781
000000011004
000000097591
000000413391
000000451196
000000304382
000000317838
000000385317
000000294423
000000412616
000000369840
000000449471
000000131059
000000284765
000000352829
000000278541
000000350171
000000235600
000000304570
000000456863
000000004754
000000091869
000000461477
000000031324
000000500977
000000003860
000000533396
000000438439
000000213032
000000199572
000000022488
000000354316
000000444311
000000109516
000000106769
000000128311
000000029466
000000468992
000000443003
000000317514
000000266310
000000476145
000000289471
000000098501
000000216663
000000091610
000000565780
000000576398
000000004785
000000560359
000000448657
000000292485
000000566027
000000193829
000000161517
000000239060
000000225274
000000428580
000000208459
000000167755
000000174529
000000271138
000000152737
000000272173
000000457288
000000238301
000000436580
000000234518
000000468760
000000110759
000000343629
000000389957
000000095551
000000283982
000000046152
000000222599
000000555658
000000312943
000000303034
000000478406
000000487467
000000561560
000000200665
000000499357
000000255137
000000203370
000000070387
000000512904
000000107495
000000096625
000000155877
000000164710
000000168662
000000524575
000000183224
000000447485
000000015599
000000167347
000000505745
000000062167
000000141986
000000313134
000000277026
000000330535
000000536416
000000162989
000000292829
000000381463
000000504153
000000219225
000000097861
000000552579
000000021136
000000444765
000000386564
000000445242
000000448859
000000297154
000000527637
000000471762
000000486711
000000574487
000000313345
000000298203
000000097633
000000358118
000000232181
000000535821
000000561014
000000497567
000000421995
000000403143
000000067838
000000399275
000000563292
000000486233
000000341639
000000019542
000000274606
000000144122
000000239668
000000143478
000000159320
000000127499
000000343357
000000428858
000000189469
000000112651
000000454864
000000540459
000000078075
000000000531
000000163104
000000573572
000000533137
000000220790
000000460625
000000526957
000000146751
000000406391
000000057487
000000398071
000000427800
000000041711
000000247451
000000147574
000000394929
000000348510
000000396490
000000227508
000000535593
000000559438
000000169845
000000075373
000000127704
000000100665
000000339705
000000350040
000000199865
000000026111
000000229539
000000347460
000000108826
000000200155
000000488787
000000436385
000000133660
000000141857
000000120683
000000071322
000000466958
000000427070
000000174238
000000166522
000000129397
000000016040
000000137886
000000086818
000000427992
000000575173
000000554505
000000429613
000000229856
000000440771
000000327857
000000484059
000000008433
000000033251
000000458606
000000284118
000000288673
000000540740
000000556624
000000314788
000000295242
000000524373
000000302687
000000082048
000000419854
000000032587
000000473100
000000239309
000000272544
000000425898
000000543560
000000469515
000000556647
000000071629
000000241392
000000153279
000000396051
000000027980
000000193410
000000249347
000000480115
000000373821
000000428033
000000574507
000000144832
000000167505
000000386116
000000342932
000000182765
000000119120
000000254656
000000313601
000000553790
000000326859
000000149228
000000079975
000000323000
000000373648
000000146986
000000232223
000000454205
000000110308
000000006318
000000377401
000000159446
000000238263
000000477052
000000328111
000000492547
000000316631
000000489482
000000199732
000000183416
000000227464
000000019962
000000503554
000000529907
000000145217
000000093667
000000163761
000000578856
000000366753
000000518030
000000441873
000000334675
000000449657
000000155719
000000207803
000000314718
000000199243
000000155845
000000512844
000000538709
000000091508
000000520204
000000419550
000000113333
000000305959
000000294900
000000082405
000000546412
000000581887
000000257887
000000287590
000000070104
000000258364
000000219094
000000448461
000000165211
000000296996
000000100063
000000337602
000000406981
000000346587
000000031747
000000518438
000000073727
000000542662
000000094701
000000346853
000000224375
000000332405
000000439614
000000090106
000000240832
000000045554
000000043795
000000213280
000000085888
000000308744
000000060319
000000500944
000000409098
000000557254
000000508678
000000339001
000000271388
