000000373189
000000241155
000000099308
000000041225
000000304523
000000529629
000000183704
000000452297
000000509764
000000482720
000000338173
000000192655
000000007593
000000201748
000000333630
000000416355
000000052090
000000260264
000000445143
000000021003
000000203143
000000577826
000000128736
000000210425
000000080549
000000088915
000000093403
000000543740
000000436504
000000188599
000000501648
000000096107
000000110797
000000138258
000000232656
000000026200
000000182897
000000293304
000000006497
000000432339
000000153307
000000579003
000000099808
000000227241
000000439907
000000192266
000000507958
000000429807
000000437947
000000419145
000000308979
000000437416
000000281602
000000513513
000000104494
000000177924
000000360706
000000320804
000000398105
000000250802
000000211030
000000181851
000000504013
000000309033
000000327413
000000557197
000000083060
000000081964
000000491228
000000540642
000000554744
000000293611
000000393709
000000321235
000000356299
000000161809
000000356533
000000189966
000000241058
000000059906
000000381998
000000095124
000000539820
000000289245
000000494085
000000148591
000000366459
000000334012
000000556752
000000360868
000000120966
000000385299
000000573749
000000470553
000000245371
000000382997
000000094770
000000472463
000000318073
000000139258
000000197499
000000028576
000000194908
000000573232
000000518885
000000185232
000000300040
000000343193
000000147291
000000476331
000000299496
000000192440
000000510684
000000296169
000000373342
000000231732
000000177420
000000407626
000000310543
000000241209
000000143269
000000106392
000000412978
000000024702
000000072466
000000054918
000000254134
000000483871
000000069768
000000233638
000000287039
000000442878
000000302712
000000186145
000000454072
000000404095
000000283131
000000210201
000000391480
000000264347
000000308599
000000372122
000000507326
000000353817
000000217811
000000026445
000000134815
000000108384
000000269287
000000193095
000000499552
000000111716
000000020707
000000371977
000000202797
000000483162
000000433214
000000485951
000000327468
000000482766
000000538776
000000228450
000000198108
000000543961
000000507196
000000002448
000000262519
000000319452
000000489585
000000340425
000000471202
000000375714
000000347926
000000074132
000000401381
000000203975
000000007796
000000420380
000000398567
000000488201
000000221307
000000113097
000000311999
000000474108
000000491653
000000493235
000000535889
000000050988
000000103230
000000490927
000000183398
000000110630
000000087929
000000105683
000000157621
000000533218
000000131011
000000001674
000000081735
000000481648
000000418699
000000077172
000000437435
000000580406
000000447744
000000348957
000000347740
000000423327
000000076978
000000538513
000000230700
000000214306
000000355667
000000365822
000000402243
000000531415
000000569801
000000280814
000000557931
000000329541
000000120818
000000178388
000000210139
000000200068
000000207479
000000018751
000000119695
000000345870
000000361933
000000108254
000000275557
000000342025
000000168440
000000024924
000000572260
000000422350
000000544556
000000368347
000000225943
000000505657
000000378548
000000559159
000000021364
000000032442
000000318187
000000561785
000000199268
000000427583
000000236218
000000029794
000000181489
000000566193
000000259417
000000423425
000000287831
000000452162
000000213162
000000210267
000000387352
000000466191
000000527717
000000245094
000000302838
000000099159
000000392727
000000395178
000000222741
000000317193
000000145520
000000362740
000000424960
000000342711
000000462241
000000206395
000000419963
000000542145
000000135741
000000141204
000000420347
000000170885
000000277473
000000220430
000000245243
000000021046
000000502231
000000289805
000000271864
000000268454
000000091005
000000147342
000000428079
000000484123
000000576877
000000274682
000000471895
000000080165
000000167443
000000413865
000000504396
000000122159
000000256844
000000080738
000000428773
000000126941
000000273369
000000503640
000000463325
000000550333
000000330429
000000158982
000000552297
000000472318
000000178279
000000311206
000000362026
000000132432
000000381595
000000144053
000000531014
000000131113
000000189997
000000547767
000000358825
000000283438
000000067222
000000052773
000000253513
000000146810
000000030875
000000292688
000000056544
000000155775
000000279693
000000243829
000000001407
000000112807
000000082796
000000560384
000000180818
000000565160
000000084157
000000001762
000000435284
000000156197
000000560715
000000262003
000000440157
000000351935
000000117201
000000403315
000000220045
000000230578
000000353989
000000262819
000000496401
000000393230
000000086763
000000517772
000000566993
000000535668
000000311031
000000032331
000000555045
000000054254
000000540577
000000302000
000000160226
000000232025
000000035241
000000224241
000000389400
000000334121
000000100012
000000065869
000000462998
000000134760
000000190645
000000412931
000000090739
000000343770
000000264846
000000434022
000000514619
000000379172
000000331203
000000110616
000000266963
000000558635
000000176335
000000275643
000000416605
000000013279
000000048931
000000173231
000000531803
000000214454
000000082737
000000283170
000000571865
000000269920
000000429144
000000393027
000000135472
000000506890
000000272310
000000028826
000000066191
000000188388
000000286101
000000346817
000000321959
000000053455
000000331272
000000065156
000000432169
000000281632
000000055682
000000561131
000000458079
000000199602
000000383452
000000294134
000000566512
000000298848
000000233609
000000257214
000000364448
000000283600
000000168932
000000418844
000000126494
000000337420
000000276009
000000378962
000000233904
000000271592
000000447980
000000211294
000000399626
000000316699
000000412584
000000548834
000000551752
000000212309
000000463179
000000274437
000000439560
000000106517
000000562356
000000127451
000000278418
000000281052
000000577265
000000050168
000000150559
000000490261
000000409327
000000269853
000000455414
000000436647
000000379882
000000299319
000000126833
000000027226
000000563927
000000068408
000000545288
000000283005
000000166376
000000561047
000000431062
000000247160
000000098924
000000492519
000000461389
000000142779
000000535483
000000168869
000000436203
000000368409
000000347135
000000281293
000000430205
000000292526
000000261579
000000181176
000000549886
000000277436
000000085294
000000192932
000000337517
000000374597
000000156370
000000214888
000000440726
000000228664
000000192730
000000543337
000000000192
000000288848
000000157603
000000475019
000000124394
000000480016
000000126198
000000370523
000000462805
000000262688
000000400303
000000067917
000000091909
000000327625
000000311007
000000551936
000000302117
000000413121
000000060868
000000151965
000000301753
000000379272
000000189394
000000178683
000000468626
000000431606
000000507756
000000239791
000000294541
000000214254
000000170930
000000023000
000000075735
000000067953
000000219647
000000558318
000000504487
000000505343
000000310882
000000306060
000000040305
000000212405
000000433286
000000042366
000000493004
000000072216
000000119108
000000472191
000000370918
000000431526
000000022870
000000390585
000000437996
000000385118
000000198557
000000418057
000000006709
000000023584
000000440389
000000213529
000000502393
000000480160
000000075786
000000300207
000000581437
000000075708
000000552167
000000285660
000000558448
000000563194
000000061196
000000199956
000000543855
000000392949
000000420007
000000011926
000000431847
000000553371
000000461306
000000321308
000000062500
000000403680
000000015919
000000366975
000000518855
000000176904
000000354483
000000534412
000000390567
000000092711
000000528631
000000472913
000000240417
000000307240
000000442450
000000103954
000000147027
000000152933
000000302206
000000451501
000000087851
000000296110
000000521465
000000575303
000000089949
000000139815
000000088748
000000157955
000000031451
000000427918
000000309916
000000365191
000000189670
000000044792
000000104596
000000060904
000000235991
000000452611
000000032471
000000090237
000000576327
000000497028
000000399358
000000284297
000000404714
000000311428
000000127475
000000529155
000000106963
000000347042
000000120872
000000008553
000000539326
000000129781
000000297267
000000224845
000000112867
000000558765
000000455290
000000183971
000000426229
000000128943
000000496920
000000349698
000000317792
000000490461
000000191754
000000012321
000000246650
000000240511
000000208913
000000219897
000000384332
000000409909
000000290941
000000518265
000000234454
000000373591
000000101240
000000079407
000000193050
000000181894
000000310029
000000426758
000000286186
000000193951
000000493438
000000348604
000000048825
000000061943
000000307538
000000320234
000000087633
000000024828
000000196650
000000392162
000000450309
000000291560
000000445427
000000265256
000000248163
000000388777
000000074328
000000334074
000000158359
000000265831
000000526021
000000228754
000000104081
000000077517
000000078681
000000033672
000000022166
000000385438
000000327695
000000378918
000000203177
000000079258
000000162503
000000431799
000000501047
000000448061
000000067663
000000153717
000000030395
000000581929
000000126659
000000255795
000000231812
000000069373
000000029122
000000202373
000000287171
000000167728
000000260139
000000363504
000000081390
000000051270
000000528699
000000041771
000000418214
000000289855
000000506640
000000530535
000000524331
000000270865
000000237496
000000497162
000000317557
000000166657
000000018425
000000574349
000000432288
000000559051
000000455698
000000109774
000000492291
000000265167
000000141053
000000215719
000000070794
000000416103
000000014257
000000398863
000000310711
000000564109
000000069705
000000051946
000000417606
000000260823
000000360630
000000381546
000000016314
000000137123
000000368885
000000543391
000000422953
000000240655
000000057548
000000354075
000000048047
000000571638
000000465266
000000026865
000000241579
000000045693
000000358254
000000424157
000000184161
000000461744
000000062397
000000169054
000000472821
000000282782
000000115522
000000278064
000000098268
000000348175
000000284843
000000441777
000000094045
000000489399
000000480841
000000130032
000000450885
000000454524
000000353072
000000370701
000000258544
000000182403
000000171585
000000324595
000000270381
000000172057
000000060720
000000432216
000000039993
000000008830
000000055805
000000059934
000000521881
000000515219
000000122867
000000523894
000000152110
000000539448
000000550001
000000406489
000000198977
000000537999
000000184731
000000248924
000000160510
000000183762
000000277625
000000252724
000000261448
000000369170
000000510756
000000334774
000000285883
000000275173
000000304157
000000188722
000000048558
000000017324
000000116289
000000063486
000000083625
000000023660
000000282901
000000262901
000000575997
000000259040
000000448893
000000552198
000000453452
000000019085
000000136168
000000328289
000000222053
000000510423
000000214701
000000075001
000000296676
000000520674
000000170428
000000351359
000000163992
000000017859
000000503799
000000259296
000000546480
000000246976
000000326920
000000079331
000000277852
000000544856
000000287907
000000086524
000000103403
000000330878
000000018312
000000010256
000000552368
000000091545
000000294593
000000017873
000000253148
000000430369
000000224567
000000420465
000000476276
000000089668
000000187986
000000068625
000000574324
000000331307
000000333014
000000378814
000000474762
000000433568
000000028131
000000516372
000000008881
000000521943
000000572358
000000040380
000000307786
000000392144
000000153426
000000357235
000000234993
000000467604
000000046936
000000566076
000000038310
000000580704
000000525559
000000444566
000000275723
000000526796
000000073843
000000260888
000000167479
000000471591
000000237597
000000553488
000000154770
000000167123
000000244671
000000177705
000000423479
000000393212
000000548331
000000242342
000000280480
000000148986
000000140717
000000064797
000000342521
000000299573
000000317172
000000114549
000000530059
000000073936
000000503488
000000464906
000000554778
000000203635
000000181224
000000391444
000000162067
000000407905
000000114419
000000192153
000000564232
000000065630
000000134871
000000120462
000000077296
000000512191
000000251793
000000423855
000000020145
000000350262
000000357996
000000052853
000000369367
000000149923
000000062657
000000094427
000000107628
000000272110
000000247660
000000434493
000000580512
000000349868
000000424229
000000351420
000000122421
000000528276
000000202931
000000313820
000000197121
000000529261
000000449896
000000418949
000000405111
000000579664
000000562317
000000465407
000000524508
000000085824
000000466259
000000485113
000000037102
000000492882
000000147250
000000478220
000000485752
000000002758
000000430086
000000529004
000000042818
000000363935
000000282066
000000117849
000000581605
000000052498
000000461128
000000290106
000000543805
000000568984
000000429321
000000310906
000000264734
000000139637
000000049913
000000166621
000000443524
000000187765
000000317878
000000478785
000000188949
000000061822
000000009474
000000064390
000000236739
000000345988
000000494572
000000234569
000000131780
000000051898
000000099186
000000504499
000000242458
000000077455
000000290804
000000323668
000000528184
000000313449
000000422603
000000476913
000000226571
000000245336
000000035783
000000440352
000000023759
000000570824
000000380284
000000087554
000000565031
000000122460
000000243027
000000576239
000000526188
000000246573
000000213355
000000214845
000000131400
000000201271
000000072770
000000237735
000000022176
000000239016
000000333130
000000127830
000000012706
000000028503
000000271198
000000140565
000000441619
000000126096
000000435034
000000416165
000000196916
000000232455
000000472788
000000175250
000000412019
000000083235
000000563912
000000298170
000000200489
000000317234
000000421307
000000216462
000000540476
000000228197
000000259758
000000421810
000000245049
000000209813
000000197629
000000252614
000000166977
000000343255
000000578626
000000311401
000000199029
000000138789
000000188528
000000370103
000000570360
000000381112
000000034820
000000556342
000000099790
000000058666
000000462875
000000562144
000000013843
000000479696
000000130706
000000133149
000000196777
000000387248
000000190219
000000326369
000000323583
000000068203
000000109042
000000480317
000000117765
000000099364
000000346726
000000577434
000000485798
000000153235
000000079104
000000279824
000000075090
000000123177
000000313398
000000474453
000000245609
000000379316
000000377294
000000507017
000000175633
000000061515
000000350596
000000088029
000000293591
000000485082
000000260011
000000054038
000000338531
000000415162
000000319647
000000106834
000000188029
000000353216
000000329230
000000227736
000000192793
000000473983
000000054875
000000460407
000000071124
000000486962
000000229134
000000328732
000000339914
000000117789
000000162703
000000340658
000000196119
000000570307
000000561270
000000303543
000000560640
000000364608
000000069965
000000197071
000000105367
000000417259
000000423943
000000560018
000000161266
000000434177
