000000462762
000000061698
000000342417
000000192403
000000014352
000000146449
000000120535
000000116393
000000090261
000000224396
000000242405
000000230976
000000347099
000000000670
000000502605
000000561314
000000435458
000000046365
000000405088
000000196365
000000324322
000000317659
000000174427
000000325208
000000498840
000000530019
000000399968
000000320946
000000250022
000000508531
000000546333
000000573166
000000212780
000000498165
000000084124
000000574667
000000006241
000000255045
000000455770
000000292436
000000344883
000000416981
000000402305
000000063081
000000282946
000000077318
000000477417
000000067593
000000042516
000000164183
000000283505
000000055637
000000244095
000000410339
000000204380
000000045974
000000092488
000000040711
000000268496
000000002998
000000214527
000000538838
000000191177
000000296975
000000470925
000000357074
000000029639
000000268049
000000525187
000000045084
000000463620
000000231148
000000536241
000000056302
000000120776
000000433151
000000575227
000000139843
000000298558
000000564317
000000150942
000000338220
000000167178
000000038838
000000139586
000000076595
000000440110
000000181516
000000293026
000000248565
000000041568
000000520956
000000140312
000000238605
000000133812
000000291149
000000062815
000000287235
000000174103
000000413290
000000008686
000000489914
000000564708
000000119808
000000027917
000000483781
000000370123
000000477383
000000476706
000000486304
000000125651
000000230627
000000389542
000000507684
000000379464
000000011605
000000506489
000000356394
000000271038
000000488942
000000097989
000000474622
000000472130
000000368768
000000351627
000000238735
000000301106
000000562614
000000534484
000000118724
000000229935
000000192217
000000093922
000000301541
000000042387
000000358457
000000159021
000000091275
000000074060
000000221116
000000114718
000000197875
000000541859
000000397893
000000544260
000000177618
000000214937
000000339591
000000152573
000000489099
000000354930
000000145009
000000539238
000000551227
000000279308
000000202772
000000433460
000000206278
000000019181
000000488658
000000095476
000000258460
000000189052
000000089044
000000012916
000000475929
000000003771
000000330934
000000450102
000000415663
000000026767
000000553417
000000396221
000000493773
000000195345
000000507243
000000188832
000000436895
000000531662
000000502996
000000143085
000000574790
000000068257
000000069911
000000160834
000000278489
000000285120
000000032367
000000236920
000000474206
000000037709
000000014630
000000294030
000000381928
000000208057
000000117668
000000559773
000000134325
000000409052
000000051041
000000233935
000000295433
000000581393
000000408735
000000368014
000000359805
000000278797
000000249656
000000363885
000000099741
000000446813
000000117014
000000254892
000000090872
000000558596
000000396693
000000206001
000000026072
000000002342
000000128463
000000475055
000000001987
000000501972
000000321907
000000541991
000000262492
000000254568
000000102637
000000429386
000000499727
000000304614
000000575267
000000187277
000000496818
000000224264
000000425669
000000061732
000000488403
000000406899
000000533291
000000097191
000000054696
000000311629
000000361648
000000504540
000000037682
000000472444
000000321517
000000150237
000000268921
000000169351
000000138810
000000091440
000000509693
000000024416
000000400719
000000072539
000000047471
000000430325
000000233748
000000469592
000000521775
000000565446
000000235959
000000394242
000000101100
000000551650
000000066238
000000366661
000000570569
000000385935
000000234211
000000009409
000000367111
000000136312
000000524551
000000495722
000000200391
000000164222
000000331185
000000444014
000000285841
000000255402
000000350073
000000569325
000000111907
000000232691
000000464261
000000558528
000000518377
000000171380
000000147772
000000073685
000000073120
000000476841
000000463581
000000232371
000000033634
000000492711
000000535342
000000365487
000000026944
000000547192
000000512734
000000270612
000000194529
000000574703
000000464440
000000034431
000000245560
000000116004
000000183114
000000193114
000000080969
000000320085
000000417679
000000203333
000000523959
000000060140
000000208718
000000337991
000000154585
000000050952
000000352681
000000169023
000000301344
000000078865
000000327811
000000418473
000000046526
000000066087
000000297859
000000092794
000000407927
000000119226
000000276515
000000315773
000000476465
000000424002
000000515065
000000147088
000000007414
000000084488
000000286874
000000217108
000000395716
000000420536
000000014683
000000043049
000000442149
000000190271
000000345719
000000548726
000000196518
000000448139
000000472700
000000114250
000000411480
000000279066
000000218646
000000334048
000000099405
000000273645
000000378765
000000319609
000000395591
000000580829
000000171316
000000405736
000000058046
000000320173
000000149358
000000043266
000000175584
000000121692
000000503170
000000143107
000000418624
000000432744
000000175506
000000375169
000000021496
000000546620
000000023703
000000358674
000000247925
000000079495
000000126230
000000000801
000000375739
000000463114
000000105899
000000549556
000000094548
000000141887
000000006004
000000511254
000000132959
000000451099
000000438707
000000167021
000000325384
000000534679
000000132913
000000229779
000000134396
000000336374
000000361046
000000234745
000000341033
000000297604
000000130413
000000356224
000000170340
000000063890
000000510047
000000102437
