000000137963
000000274815
000000241691
000000529065
000000381509
000000510615
000000027371
000000317998
000000568549
000000390785
000000108695
000000432527
000000406826
000000287958
000000425520
000000446301
000000028011
000000124197
000000188218
000000348697
000000460944
000000453968
000000330136
000000161617
000000253424
000000225257
000000578276
000000559403
000000072901
000000273336
000000384424
000000399384
000000561931
000000359375
000000451131
000000453050
000000457268
000000528800
000000431501
000000161657
000000468287
000000576583
000000383581
000000114177
000000196985
000000055981
000000090448
000000555894
000000563243
000000030334
000000270025
000000461435
000000460988
000000275028
000000131487
000000058407
000000191540
000000401652
000000109151
000000456035
000000248132
000000500784
000000421655
000000325781
000000188511
000000422464
000000562830
000000085632
000000528756
000000071283
000000353405
000000159820
000000128076
000000532239
000000481012
000000222648
000000272626
000000453286
000000246444
000000076082
000000465814
000000377226
000000365755
000000166474
000000212739
000000477459
000000050355
000000373737
000000104270
000000126311
000000156308
000000372374
000000349775
000000118431
000000531719
000000269333
000000114333
000000019047
000000313727
000000481880
000000419056
000000394866
000000315092
000000535552
000000313384
000000396977
000000049058
000000487060
000000350686
000000314426
000000560989
000000180540
000000092904
000000431921
000000155076
000000208991
000000114473
000000137745
000000001924
000000387948
000000304408
000000565310
000000018171
000000395242
000000126126
000000217710
000000521549
000000560466
000000533055
000000575648
000000216301
000000522803
000000320115
000000463429
000000565714
000000200770
000000246759
000000569158
000000347649
000000162475
000000566237
000000221665
000000244132
000000267837
000000530745
000000205594
000000456216
000000574462
000000071095
000000050206
000000148144
000000338041
000000031642
000000526592
000000475588
000000382089
000000414683
000000237825
000000012183
000000140915
000000516813
000000460646
000000310156
000000288403
000000559331
000000434622
000000252664
000000342762
000000212591
000000282366
000000544215
000000328628
000000455613
000000102930
000000565648
000000503957
000000120645
000000310617
000000532580
000000144230
000000428178
000000091172
000000157279
000000385881
000000109338
000000034900
000000399703
000000393064
000000191300
000000401071
000000477946
000000542412
000000396942
000000197686
000000165291
000000507460
000000087354
000000463044
000000539395
000000157916
000000200018
000000016206
000000095959
000000544644
000000103128
000000451389
000000070011
000000472622
000000272901
000000560943
000000316657
000000011052
000000101643
000000094859
000000368874
000000161010
000000202567
000000338987
000000074853
000000194440
000000459951
000000252567
000000494128
000000184868
000000295577
000000409120
000000365662
000000118249
000000181462
000000007333
000000065197
000000409220
000000206467
000000306456
000000344261
000000408336
000000377105
000000139561
000000339105
000000333730
000000132776
000000016573
000000206587
000000143305
000000020839
000000112956
000000084403
000000413684
000000399241
000000277912
000000388267
000000158801
000000305100
000000403407
000000402184
000000051793
000000394113
000000064816
000000510154
000000383645
000000262095
000000553306
000000564073
000000557965
000000147404
000000487217
000000136453
000000411775
000000569242
000000112359
000000060483
000000513099
000000107386
000000158676
000000444274
000000110353
000000234677
000000047692
000000437859
000000438180
000000255683
000000014844
000000065325
000000081461
000000232910
000000199919
000000560613
000000071880
000000023677
000000490518
000000258283
000000079930
000000390524
000000192180
000000101586
000000209851
000000424431
000000216867
000000432414
000000498769
000000003964
000000429758
000000396317
000000516623
000000298278
000000268982
000000024637
000000361119
000000318815
000000142712
000000513873
000000551832
000000370842
000000271568
000000545788
000000537397
000000268212
000000177387
000000096685
000000123824
000000461560
000000430890
000000268592
000000042439
000000060340
000000437889
000000571249
000000360422
000000099999
000000064520
000000456773
000000136941
000000207853
000000242541
000000191468
000000350663
000000399441
000000155498
000000564419
000000490046
000000141492
000000363163
000000551596
000000189248
000000450608
000000524202
000000477636
000000050695
000000027662
000000200439
000000469878
000000059979
000000050309
000000229507
000000089411
000000077745
000000181371
000000411408
000000472224
000000123944
000000043290
000000465878
000000334517
000000550703
000000269786
000000098601
000000319685
000000556824
000000450970
000000369667
000000098785
000000537743
000000567384
000000319714
000000187934
000000372580
000000191856
000000149903
000000399042
000000102669
000000369271
000000482929
000000343857
000000502863
000000121949
000000178658
000000316113
000000544396
000000091960
000000021235
000000331085
000000180071
000000498510
000000503332
000000121154
000000040016
000000551327
000000378652
000000324554
000000361464
000000510857
000000504321
000000411541
000000034625
000000377245
000000205272
000000321325
000000009322
000000321776
000000279763
000000280913
000000170106
000000127284
000000467872
000000121599
000000126755
000000492440
000000325595
000000264193
000000371002
000000042953
000000581081
000000419212
000000471609
000000145191
000000284336
000000427035
000000225443
000000505686
000000405886
000000320864
000000218476
000000032877
000000184606
000000380887
000000229350
000000194262
000000235012
000000388512
000000071006
000000328228
000000052209
000000233218
000000253477
000000460448
000000314649
000000295076
000000472870
000000072888
000000279646
000000040158
000000356490
000000104919
000000475974
000000523737
000000030195
000000335216
000000137798
000000246879
000000423161
000000322553
000000310128
000000571485
000000507397
000000460705
000000475371
000000188163
000000288737
000000525226
000000368671
000000280169
000000137838
000000201457
000000338597
000000522243
000000264169
000000533677
000000241959
000000186552
000000220666
000000401196
000000442084
000000109907
000000278913
000000384260
000000261729
000000034464
000000212095
000000390159
000000036492
000000165401
000000311796
000000075146
000000153543
000000577411
000000077596
000000563163
000000013714
000000176086
000000274466
000000441828
000000211325
000000152458
000000154007
000000191159
000000127006
000000527868
000000290700
000000359722
000000442286
000000107177
000000242278
000000424771
000000371633
000000239171
000000213570
000000535141
000000579239
000000042849
000000301885
000000548546
000000561361
000000353231
000000069578
000000235177
000000234416
000000562067
000000041920
000000318681
000000079606
000000061566
000000005105
000000048165
000000153092
000000575534
000000212843
000000391367
000000037830
000000485917
000000356734
000000228234
000000079460
000000267717
000000069311
000000366262
000000179421
000000297387
000000330241
000000257632
000000185916
000000072843
000000183386
000000424172
000000440539
000000304645
000000136093
000000344520
000000251330
000000107716
000000294302
000000200550
000000092670
000000338703
000000118312
000000199438
000000018136
000000021284
000000041247
000000567949
000000559195
000000066008
000000461880
000000569379
000000333820
000000027207
000000223636
000000475466
000000109232
000000391596
000000468354
000000068662
000000455210
000000391214
000000170208
000000261180
000000116968
000000152785
000000305004
000000175185
000000542163
000000047526
000000443133
000000256177
000000184020
000000066347
000000516339
000000345009
000000434045
000000414216
000000334788
000000341193
000000361592
000000451732
000000119773
000000192531
000000453523
000000539067
000000447839
000000130757
000000244003
000000497709
000000470417
000000250083
000000562850
000000363847
000000078429
000000224217
000000312790
000000033742
000000108599
000000507996
000000166236
000000502179
000000281008
000000155373
000000366706
000000007048
000000511157
000000168978
000000026617
000000398433
000000495541
000000251623
000000552911
000000241758
000000312078
000000510579
000000498228
000000279395
000000500434
000000189197
000000291675
000000269172
000000187235
000000527937
000000490010
000000319903
000000222309
000000397482
000000557375
000000315352
000000494966
000000531385
000000013031
000000174274
000000463901
000000344859
000000302372
000000035451
000000358425
000000071385
000000433787
000000532007
000000008010
000000058325
000000499950
000000297969
000000382193
000000016240
000000381214
000000199149
000000196565
000000050242
000000449138
000000251874
000000517570
000000521824
000000449828
000000503883
000000212682
000000324969
000000068375
000000444100
000000073892
000000324231
000000388881
000000334715
000000211948
000000492339
000000376434
000000324036
000000009142
000000483705
000000172327
000000160482
000000264987
000000579822
000000418569
000000359753
000000163010
000000538214
000000115043
000000046056
000000216694
000000076776
000000403830
000000441949
000000540265
000000286925
000000025517
000000353480
000000272143
000000504891
000000073976
000000255954
000000071218
000000083468
000000102588
000000378137
000000118386
000000493293
000000482172
000000032574
000000095916
000000288805
000000527480
000000089128
000000560580
000000264436
000000416524
000000307016
000000045040
000000195568
000000132688
000000063394
000000105280
000000446332
000000035008
000000063217
000000250998
000000243896
000000310673
000000033377
000000490084
000000166354
000000137677
000000246456
000000525666
000000124365
000000017474
000000026147
000000515422
000000010600
000000467966
000000475798
000000179914
000000554374
000000489942
000000298139
000000073707
000000572574
000000118614
000000007123
000000063144
000000096505
000000051549
000000123119
000000580862
000000490638
000000385912
000000285526
000000575074
000000158254
000000576625
000000562650
000000267443
000000351534
000000131087
000000006200
000000195768
000000458560
000000342585
000000381890
000000297617
000000516186
000000412690
000000534443
000000196312
000000066385
000000525790
000000122362
000000256222
000000170485
000000562084
000000423354
000000271363
000000038798
000000173425
000000148646
000000217622
000000492030
000000278395
000000193474
000000281722
000000438807
000000298312
000000103276
000000022281
000000154994
000000283101
000000072573
000000227828
000000227941
000000076901
000000432668
000000158183
000000484206
000000519631
000000035032
000000393602
000000046816
000000220097
000000113294
000000375786
000000254011
000000059752
000000085192
000000282680
000000158701
000000561818
000000139440
000000358781
000000008493
000000257951
000000135937
000000339035
000000025807
000000566931
000000558851
000000469347
000000480415
000000208252
000000513052
000000081199
000000464935
000000216241
000000023301
000000125632
000000215291
000000111259
000000147904
000000528868
000000166706
000000497327
000000191014
000000207013
000000532790
