000000454457
000000484028
000000174005
000000070935
000000452060
000000065859
000000128978
000000244369
000000172971
000000025470
000000226161
000000383107
000000166130
000000449781
000000573431
000000394517
000000371654
000000010643
000000172627
000000407115
000000041489
000000423534
000000543447
000000074080
000000306404
000000428305
000000231632
000000154414
000000120399
000000086234
000000213978
000000106123
000000447907
000000543525
000000514018
000000239584
000000364203
000000178520
000000146638
000000375503
000000205703
000000508634
000000010115
000000065047
000000549488
000000221869
000000478175
000000249556
000000107013
000000549725
000000480464
000000452371
000000245697
000000343749
000000281996
000000209921
000000449758
000000268390
000000050392
000000219657
000000502827
000000043007
000000439445
000000355603
000000329286
000000326203
000000075581
000000184700
000000326814
000000284386
000000017644
000000069266
000000261759
000000413984
000000420412
000000005522
000000068305
000000368086
000000497187
000000412901
000000480241
000000308423
000000099615
000000170365
000000230735
000000369095
000000101882
000000209040
000000237886
000000084040
000000241364
000000099671
000000411368
000000142746
000000519076
000000242248
000000309323
000000378720
000000163645
000000208012
000000304217
000000045248
000000140974
000000012213
000000539951
000000343445
000000400487
000000112207
000000018918
000000229884
000000428018
000000148703
000000049413
000000384528
000000419867
000000128522
000000459819
000000300388
000000102729
000000042209
000000579781
000000033442
000000412720
000000374669
000000097209
000000341067
000000123901
000000294634
000000195927
000000207931
000000085403
000000327304
000000104397
000000333663
000000162114
000000163965
000000044858
000000305879
000000183913
000000453870
000000019304
000000305256
000000517655
000000010012
000000277321
000000045387
000000523332
000000411862
000000411009
000000567332
000000564294
000000246990
000000449598
000000133247
000000360739
000000564745
000000244424
000000301281
000000504970
000000011625
000000497863
000000047879
000000237964
000000244575
000000052886
000000201726
000000559484
000000362769
000000117237
000000113166
000000511393
000000404297
000000204626
000000303287
000000202129
000000001779
000000141695
000000296038
000000131731
000000326011
000000119540
000000122194
000000109361
000000169226
000000453334
000000129456
000000160746
000000369304
000000298644
000000018874
000000143992
000000315427
000000329337
000000209133
000000546869
000000504093
000000023038
000000568238
000000561100
000000552685
000000253688
000000253915
000000078113
000000460290
000000478480
000000183504
000000331816
000000557334
000000268770
000000343898
000000416469
000000576483
000000243847
000000164855
000000151324
000000522613
000000318388
000000045535
000000123282
000000347818
000000107918
000000441906
000000058210
000000149835
000000225175
000000567863
000000267812
000000367907
000000569075
000000315226
000000282349
000000447108
000000444503
000000579593
000000295015
000000534983
000000127072
000000429283
000000076918
000000347224
000000336919
000000334840
000000530966
000000367087
000000067084
000000173315
000000528315
000000017585
000000569525
000000169589
000000404982
000000049115
000000562382
000000480001
000000381808
000000382780
000000301018
000000426342
000000467760
000000572894
000000137619
000000517823
000000289107
000000300929
000000071344
000000448401
000000422105
000000080441
000000332007
000000566470
000000425303
000000541474
000000520049
000000458866
000000052035
000000337730
000000499469
000000151524
000000102879
000000280007
000000183253
000000309836
000000198477
000000182625
000000379678
000000027394
000000461669
000000433637
000000294321
000000249264
000000333951
000000128652
000000017047
000000219303
000000314681
000000445775
000000534954
000000169466
000000278858
000000059309
000000450483
000000340700
000000325391
000000311250
000000042069
000000359471
000000234153
000000250953
000000379035
000000570207
000000488990
000000043601
000000348451
000000344637
000000353017
000000108876
000000065262
000000201564
000000231902
000000465664
000000401842
000000567793
000000485696
000000364567
000000513077
000000432627
000000186740
000000094121
000000290221
000000138921
000000566375
000000271842
000000384395
000000253223
000000462613
000000411748
000000410175
000000070761
000000343942
000000131373
000000333034
000000172148
000000011831
000000264591
000000030534
000000042144
000000430610
000000466723
000000281910
000000111660
000000396412
000000007989
000000075065
000000275608
000000035580
000000550435
000000204458
000000023433
000000481120
000000209326
000000423804
000000274870
000000545363
000000179245
000000323715
000000029964
000000127632
000000329993
000000263582
000000496485
000000108124
000000399538
000000434828
000000469755
000000545209
000000206809
000000259335
000000265446
000000085518
000000318965
000000477077
