000000554271
000000533006
000000572978
000000361788
000000261085
000000297989
000000421201
000000167874
000000314383
000000071964
000000372482
000000372311
000000521994
000000365624
000000000077
000000206044
000000256094
000000000581
000000448998
000000188673
000000058910
000000062710
000000329368
000000554154
000000366025
000000101936
000000359405
000000534347
000000148629
000000381972
000000456563
000000205461
000000208728
000000289007
000000427382
000000416918
000000008789
000000244613
000000154301
000000482210
000000034164
000000305813
000000278732
000000321865
000000121316
000000405997
000000283863
000000058270
000000190413
000000523433
000000143420
000000421970
000000519228
000000383397
000000047281
000000264233
000000475306
000000116186
000000193349
000000483928
000000513766
000000079567
000000338439
000000025649
000000007677
000000104884
000000346287
000000561677
000000439089
000000343967
000000439519
000000069410
000000288776
000000078059
000000284020
000000134483
000000182681
000000434098
000000056426
000000050863
000000401826
000000349560
000000206434
000000540763
000000194289
000000214087
000000188631
000000525382
000000523664
000000303178
000000044583
000000078797
000000430035
000000189845
000000402776
000000250239
000000507532
000000048867
000000434354
000000203086
000000365553
000000500533
000000538359
000000069428
000000129894
000000494192
000000302089
000000096202
000000248227
000000007762
000000370736
000000073302
000000172899
000000341393
000000415089
000000072018
000000044372
000000260107
000000174358
000000342494
000000488866
000000450759
000000422785
000000086835
000000455135
000000278966
000000011727
000000315256
000000083914
000000293412
000000314561
000000432805
000000279524
000000357272
000000025388
000000418505
000000556782
000000234938
000000198836
000000415619
000000566724
000000142570
000000113021
000000300159
000000367743
000000403472
000000504191
000000343215
000000167818
000000537890
000000155402
000000309599
000000509018
000000358222
000000452979
000000064342
000000279263
000000433716
000000184313
000000417055
000000228011
000000245662
000000129175
000000028675
000000089787
000000445638
000000338518
000000519784
000000059660
000000088513
000000305368
000000424998
000000119145
000000523035
000000315909
000000423052
000000040966
000000388085
000000254834
000000553546
000000137993
000000087091
000000098693
000000046883
000000168717
000000117046
000000374999
000000132143
000000577512
000000419375
000000403180
000000438485
000000098882
000000138648
000000459147
000000569850
000000436949
000000420070
000000039632
000000308292
000000542792
000000467925
000000123862
000000318741
000000287305
000000331978
000000452236
000000476812
000000149738
000000296831
000000484650
000000123570
000000208585
000000502104
000000170024
000000555701
000000539498
000000246923
000000330750
000000523196
000000152858
000000251701
000000252952
000000445515
000000413248
000000160580
000000429174
000000307662
000000365709
000000010405
000000172425
000000008647
000000531488
000000396792
000000401776
000000174721
000000250427
000000239837
000000086913
000000154062
000000025234
000000042675
000000422877
000000257066
000000158211
000000342234
000000293215
000000304240
000000169766
000000088398
000000146169
000000457609
000000213499
000000068956
000000358607
000000329175
000000210932
000000459374
000000172556
000000132015
000000306099
000000315621
000000509350
000000038000
000000401312
000000114624
000000041119
000000315322
000000032985
000000455859
000000147195
000000247840
000000121196
000000137777
000000017946
000000171470
000000549687
000000480556
000000248045
000000406732
000000199641
000000580146
000000266611
000000336459
000000574977
000000019671
000000399558
000000074828
000000088448
000000093483
000000367433
000000520109
000000334751
000000064256
000000233538
000000410494
000000043566
000000227779
000000249295
000000510493
000000576206
000000076026
000000437118
000000174904
000000365572
000000351002
000000550555
000000037871
000000116065
000000482064
000000021553
000000321705
000000428379
000000287219
000000179869
000000228627
000000442523
000000182078
000000436802
000000058973
000000332489
000000062865
000000006426
000000401518
000000249977
000000440893
000000251183
000000577949
000000181996
000000015113
000000516634
000000060081
000000312204
000000444982
000000020013
000000074348
000000476735
000000323791
000000478665
000000320144
000000391410
000000230837
000000009450
000000083725
000000094210
000000425249
000000534194
000000172681
000000333267
000000262531
000000342075
000000447242
000000409155
000000215243
000000405683
000000452823
000000542988
000000190806
000000198881
000000494678
000000432421
000000226256
000000484384
000000325871
000000027006
000000138131
000000235098
000000162177
000000385239
000000286010
000000210604
000000386299
000000143051
000000015851
000000210983
000000493161
000000003076
000000215113
000000416643
000000549338
000000305227
000000199390
000000354814
000000422211
000000560893
000000566634
000000368731
000000056362
000000169490
000000288649
000000159370
000000324785
000000562196
000000520749
000000428254
000000335802
000000197246
000000351588
000000178958
000000348905
000000367670
000000223007
000000302396
000000218196
000000398279
000000534655
000000386370
000000110674
000000334936
000000517472
000000341113
000000391225
000000376362
000000265372
000000121526
000000001856
000000168475
000000559876
000000560624
000000390856
000000059471
000000510252
000000330699
000000356159
000000362175
000000160628
000000309137
000000296135
000000410885
000000481793
000000114668
000000225387
000000074364
000000015329
000000546188
000000228316
000000018535
000000462584
000000077556
000000410082
000000300701
000000367954
000000453491
000000404263
000000291712
000000417350
000000193293
000000520378
000000372165
000000074176
000000371322
000000361285
000000123453
000000541536
000000151245
000000483142
000000581218
000000216325
000000238831
000000105011
000000008190
000000052383
000000383826
000000580916
000000552153
000000148229
000000189593
000000357659
000000376763
000000416760
000000100306
000000456425
000000281330
000000265930
000000488755
000000516146
