000000527250
000000409953
000000309531
000000144586
000000038357
000000276077
000000410581
000000130492
000000348562
000000127256
000000295473
000000481398
000000235699
000000185820
000000111152
000000489771
000000294371
000000436744
000000390671
000000396097
000000409570
000000251027
000000205350
000000292278
000000361991
000000046104
000000180919
000000002608
000000198214
000000173695
000000207739
000000409658
000000545632
000000095213
000000522312
000000496097
000000462148
000000101084
000000395293
000000252915
000000368062
000000274398
000000564883
000000257690
000000246499
000000029080
000000194879
000000088967
000000103355
000000018089
000000428125
000000493859
000000148909
000000067496
000000325799
000000112320
000000181030
000000230516
000000076804
000000545582
000000319931
000000359070
000000434915
000000154725
000000143247
000000462663
000000019136
000000322638
000000408146
000000521867
000000242020
000000520546
000000309753
000000128222
000000195897
000000457231
000000101127
000000418002
000000008341
000000045885
000000474846
000000489449
000000134650
000000075415
000000493376
000000219269
000000498374
000000550642
000000531111
000000238968
000000308702
000000315036
000000489031
000000198198
000000128434
000000322376
000000251047
000000468049
000000191193
000000485940
000000226536
000000163084
000000568005
000000419255
000000307323
000000032054
000000065016
000000574250
000000425555
000000227019
000000516088
000000488295
000000011360
000000226840
000000104015
000000090833
000000032629
000000402639
000000216401
000000029288
000000379580
000000166764
000000298799
000000287105
000000281246
000000376870
000000385005
000000480793
000000135822
000000561577
000000218911
000000010205
000000119015
000000226363
000000018291
000000405146
000000379545
000000415967
000000175143
000000260519
000000227878
000000173819
000000491742
000000293763
000000309944
000000210766
000000487137
000000559565
000000485406
000000152090
000000376405
000000358302
000000231131
000000242142
000000170990
000000259458
000000114855
000000264018
000000539026
000000039846
000000294832
000000242379
000000569900
000000433546
000000193042
000000397254
000000574281
000000264076
000000441459
000000349609
000000389336
000000173742
000000574402
000000056896
000000190575
000000236197
000000240455
000000514690
000000021645
000000175933
000000067548
000000404235
000000078035
000000263875
000000560307
000000259721
000000321844
000000001213
000000118550
000000003899
000000005028
000000157378
000000334251
000000001525
000000391521
000000215394
000000235328
000000216954
000000101450
000000109602
000000185935
000000487282
000000568893
000000430249
000000069188
000000235518
000000530154
000000531171
000000109973
000000482297
000000381350
000000487970
000000466052
000000111348
000000446223
000000009673
000000451535
000000467431
000000096647
000000382673
000000577857
000000200724
000000024996
000000071855
000000083348
000000148771
000000082530
000000558486
000000329664
000000099030
000000374707
000000455482
000000185620
000000005328
000000408537
000000409842
000000070871
000000260182
000000032147
000000494383
000000117071
000000062200
000000299704
000000154343
000000157037
000000571657
000000170832
000000437543
000000302964
000000208629
000000318224
000000139400
000000295773
000000127984
000000221787
000000442915
000000464839
000000562527
000000374796
000000415225
000000140445
000000283485
000000306264
000000253532
000000195599
000000119953
000000014750
000000005809
000000043392
000000089166
000000059732
000000244227
000000116694
000000282131
000000014278
000000457656
000000431219
000000574221
000000346407
000000114140
000000453132
000000055410
000000561177
000000219580
000000532622
000000497384
000000087481
000000432964
000000244160
000000075607
000000413459
000000525927
000000214363
000000572171
000000560254
000000476873
000000281021
000000044352
000000011265
000000049662
000000449038
000000391170
000000123041
000000048759
000000059042
000000517047
000000508577
000000299045
000000192322
000000415585
000000332300
000000265748
000000406139
000000459987
000000393121
000000388325
000000215410
000000460810
000000214197
000000248017
000000234649
000000043635
000000369049
000000112078
000000231659
000000387731
000000534763
000000154879
000000003160
000000119505
000000293841
000000423643
000000186428
000000408930
000000139124
000000308672
000000349579
000000535113
000000437297
000000268268
000000228881
000000110187
000000131335
000000496153
000000351191
000000213623
000000531324
000000404871
000000424528
000000293895
000000487359
000000384027
000000180624
000000404165
000000239350
000000522221
000000289515
000000106677
000000335827
000000511191
000000295853
000000526874
000000415500
000000215511
000000313201
000000304693
000000282574
000000034571
000000461086
000000418152
000000479395
000000435709
000000222358
000000288923
000000155167
000000538167
000000322127
000000436048
000000389984
000000200315
000000396157
000000264926
000000253332
000000039155
000000107353
000000490322
000000070321
000000110869
000000411341
000000489961
000000352081
000000472058
000000131531
000000455545
000000223432
000000155097
000000486632
000000180341
000000218947
000000031017
000000398051
000000487880
000000401608
000000076491
000000195697
000000155216
000000182828
000000251211
000000458925
000000107609
000000326176
000000547043
000000260345
000000471117
000000348523
000000336484
000000457476
000000488720
000000178052
000000571385
000000406055
000000493544
000000446846
000000436685
000000220152
000000391735
000000500147
000000467285
000000040813
000000229658
000000179153
000000176736
000000167541
000000029839
000000182373
000000251660
000000047813
000000376246
000000421599
000000133380
000000430265
000000350492
000000493132
000000578736
000000356791
000000191615
000000053081
000000130992
000000304937
000000324104
000000528030
000000318529
000000333378
000000019322
000000317939
000000407210
000000132307
000000102614
000000551550
000000474054
000000516985
000000372258
000000278352
000000392404
000000539705
000000066676
000000178017
000000100413
000000438833
000000222857
000000216998
000000220071
000000104758
000000266069
000000050740
000000282437
000000413903
000000160429
000000319522
000000365434
000000120235
000000414108
000000225124
000000381254
000000121107
000000361439
000000238511
000000146573
000000354003
000000084839
000000378035
000000555549
000000435435
000000457131
000000110507
000000449847
000000262049
000000370745
000000479200
000000347179
000000276254
000000103252
000000528905
000000259616
000000016964
000000075760
000000398339
000000168805
000000028738
000000234957
000000306900
000000285628
000000119469
000000236438
000000389273
000000551433
000000275902
000000373119
000000141800
000000119444
000000249363
000000355108
000000035899
000000218850
000000135681
000000347697
000000376165
000000258834
000000509497
000000563342
000000258915
000000479075
000000197305
000000250897
000000085872
000000250506
000000415325
000000380016
000000573627
000000385588
000000572825
000000051773
000000353562
000000075190
000000047936
000000151351
000000382521
000000357041
000000355081
000000062020
000000354863
000000146190
000000030646
000000331680
000000081286
000000375400
000000369230
000000375812
000000104099
000000576684
000000353709
000000008531
000000490695
000000117922
000000480950
000000203846
000000091857
000000140065
000000372199
000000101341
000000211047
000000497498
000000350214
000000248604
000000110073
000000370405
000000005312
000000435090
000000275263
000000573388
000000405327
000000493996
000000468444
000000149151
000000287364
000000276545
000000053426
000000204930
000000057978
000000159983
000000419587
000000575437
000000572229
000000398140
000000289899
000000041658
000000269831
000000085455
000000245221
000000169270
000000334600
000000504909
