000000234768
000000062041
000000442205
000000554688
000000005486
000000369977
000000134589
000000360535
000000035962
000000495014
000000488362
000000500822
000000358033
000000551986
000000195857
000000208316
000000134506
000000083167
000000147883
000000339404
000000122584
000000521605
000000487825
000000410663
000000248005
000000447302
000000031798
000000058351
000000364917
000000537441
000000311099
000000273859
000000446421
000000121232
000000152298
000000576421
000000202829
000000033554
000000291866
000000476754
000000065601
000000176622
000000253630
000000545475
000000472762
000000033650
000000123843
000000548067
000000223595
000000335304
000000563046
000000513424
000000415728
000000229052
000000084731
000000109858
000000054082
000000169198
000000556418
000000554003
000000500084
000000098733
000000408808
000000282978
000000281148
000000045335
000000567671
000000366793
000000572089
000000151832
000000382438
000000318566
000000090026
000000422286
000000013463
000000507809
000000458592
000000381065
000000125069
000000383549
000000568150
000000546133
000000301232
000000580765
000000524027
000000160195
000000068601
000000297417
000000024053
000000472582
000000220205
000000065982
000000577669
000000156739
000000222009
000000468920
000000509244
000000283835
000000252525
000000300955
000000263382
000000129253
000000444353
000000150616
000000408456
000000297829
000000479720
000000048001
000000159761
000000440810
000000072704
000000380344
000000501435
000000428234
000000055169
000000020912
000000149422
000000325583
000000226020
000000461993
000000048692
000000283303
000000342843
000000432134
000000118916
000000082198
000000433101
000000102320
000000220408
000000412483
000000026025
000000526359
000000549413
000000120285
000000066879
000000460100
000000306557
000000532933
000000293713
000000371735
000000570760
000000033345
000000487685
000000061422
000000142056
000000275335
000000531569
000000221546
000000414324
000000412853
000000350331
000000313263
000000318556
000000166420
000000124718
000000515870
000000403278
000000185041
000000442394
000000256384
000000115741
000000416303
000000240912
000000057707
000000073172
000000246342
000000388019
000000012943
000000001803
000000397403
000000348364
000000466772
000000434319
000000568628
000000070230
000000423562
000000501377
000000142245
000000035526
000000442133
000000085348
000000488423
000000457037
000000285357
000000490411
000000145623
000000026425
000000265628
000000325944
000000248427
000000466265
000000231415
000000074787
000000157577
000000487525
000000570280
000000057454
000000396622
000000512308
000000140588
000000475258
000000502063
000000479914
000000096183
000000445601
000000411943
000000051512
000000364082
000000263604
000000210686
000000340285
000000473347
000000084089
000000392458
000000041389
000000263758
000000027307
000000262746
000000353881
000000241918
000000570628
000000451471
000000363640
000000225989
000000437643
000000022051
000000175417
000000281495
000000079069
000000537280
000000270211
000000402410
000000379841
000000095633
000000417571
000000182734
000000477144
000000485502
000000387809
000000256057
000000355717
000000285810
000000398575
000000437347
000000011567
000000500396
000000224136
000000266680
000000546242
000000265280
000000524282
000000573854
000000483475
000000230945
000000244293
000000491118
000000502632
000000465911
000000087208
000000233102
000000475768
000000301484
000000065179
000000322735
000000507293
000000105998
000000329026
000000566331
000000004700
000000228677
000000209200
000000419080
000000412658
000000488243
000000563129
000000567518
000000049559
000000363333
000000245802
000000516587
000000223755
000000224047
000000526568
000000047973
000000429913
000000091120
000000117325
000000039270
000000034777
000000248733
000000148002
000000171241
000000276584
000000275863
000000249531
000000032664
000000576752
000000366115
000000566128
000000022940
000000553851
000000109174
000000090983
000000433182
000000071043
000000320911
000000123247
000000359131
000000366139
000000336230
000000160822
000000204049
000000506201
000000039754
000000254396
000000288262
000000533889
000000292590
000000086686
000000022649
000000486045
000000136721
000000514601
000000362509
000000397986
000000236865
000000212817
000000252596
000000340884
000000015062
000000073206
000000131450
000000091751
000000405580
000000174062
000000486845
000000552517
000000423502
000000447464
000000570440
000000503718
000000158759
000000105096
000000350099
000000260852
000000414516
000000498541
000000401041
000000490646
000000129925
000000518511
000000229984
000000491921
000000414868
000000554347
000000450362
000000059455
000000569958
000000562805
000000161602
000000237699
000000435894
000000299017
000000026362
000000292211
000000530397
000000294847
000000054351
000000362232
000000174615
000000563302
000000469803
000000111944
000000326709
000000321346
000000518124
000000091371
000000511670
000000081416
000000525171
000000186608
000000032907
000000044820
000000143781
000000385661
000000280764
000000447948
000000416545
000000016344
000000325736
000000054402
000000132081
000000296289
000000162223
000000132394
000000499786
000000268370
000000286939
000000390120
000000457817
000000465973
000000415027
000000313924
000000518586
000000004462
000000482332
000000230273
000000204537
000000427643
000000209915
000000054007
000000057306
000000514798
000000522990
000000500884
000000322253
000000014873
000000323478
000000145290
000000171494
000000380427
000000424327
000000139984
000000175277
000000564183
000000167074
000000314044
000000422850
000000380227
000000524623
000000306531
000000074963
000000169893
000000281772
000000290460
000000248953
000000161083
000000323950
000000485843
000000395198
000000460118
000000136908
000000060285
000000271171
000000406591
000000134981
000000084540
000000478741
000000228166
000000230240
000000339547
000000105053
000000221012
000000025621
000000563871
000000349006
000000289693
000000077814
000000192564
000000332931
000000507091
000000159176
000000036226
000000454679
000000113880
000000526514
000000454282
000000132217
000000311522
000000479379
000000225093
000000264539
000000253072
000000390341
000000205614
000000457191
000000541944
000000003538
000000181409
000000294223
000000368280
000000222470
000000314202
000000091234
000000243527
000000401857
000000266914
000000193901
000000250706
000000517095
000000330053
000000235130
000000257830
000000002498
000000297510
000000559948
000000537139
000000367222
000000001589
000000201873
000000282564
000000544325
000000080104
000000106314
000000126027
000000036948
000000223089
000000499802
000000163718
000000083755
000000470799
000000057363
000000568462
000000386796
000000252444
000000097705
000000163921
000000490489
000000382476
000000395396
000000185721
000000439392
000000448175
000000287567
000000479208
000000222191
000000349459
000000423619
000000027471
000000460732
000000061897
000000038886
000000283277
000000255274
000000045492
000000030722
000000124232
000000082005
000000006873
000000532200
000000408894
000000014103
000000526711
000000460514
000000484321
000000336690
000000088270
000000552866
000000437303
000000501339
000000365523
000000035760
000000384659
000000547903
000000415935
000000052827
000000266646
000000432055
000000145738
000000110961
000000336330
000000409351
000000359156
000000238068
000000104556
000000556086
000000078729
000000333433
000000501116
000000361221
000000028093
000000266800
000000424819
000000319768
000000042578
000000472415
000000258346
000000503404
000000491481
000000534220
000000233865
000000069054
000000290331
000000239980
000000371029
000000534866
000000509949
000000496583
000000148403
000000179963
000000142466
000000413533
000000540110
000000411184
000000478982
000000448623
000000173132
000000180220
000000119636
000000346345
000000284670
000000268882
000000420290
000000133086
000000357203
000000011188
000000159897
000000367804
000000350826
000000300189
000000552432
000000451356
000000141834
000000059218
000000554568
000000060988
000000534141
000000571193
000000156835
000000422300
000000094011
000000068125
000000503779
000000212935
000000205040
000000425948
000000556057
000000015404
000000252133
000000267531
000000120038
000000436287
000000292986
000000028868
000000361860
000000460346
000000337547
000000043464
000000162939
000000386475
000000364806
000000372246
000000165574
000000579123
000000172492
000000205078
000000394783
000000403940
000000462404
000000224336
000000561437
000000157109
000000134236
000000116255
000000096845
000000577355
000000578752
000000536641
000000320203
000000378012
000000116886
000000467475
000000308103
000000013934
000000509423
000000171064
000000063818
000000149464
000000418805
000000303822
000000381709
000000236048
000000066427
000000435312
000000268433
000000424718
000000529787
000000389378
000000465735
000000471578
000000065924
000000379754
000000296731
000000327215
000000193732
000000047346
000000028174
000000157188
000000566550
000000030492
000000492630
000000245496
000000392843
000000337353
000000495487
000000142942
000000579291
000000407146
000000145479
000000317070
000000292920
000000550477
000000272940
000000017167
000000189101
000000368116
000000080708
000000005690
000000511121
000000380522
000000369703
000000295695
000000388417
000000292171
000000020261
000000021330
000000445038
000000139296
000000526043
000000336006
000000494584
000000179187
000000576119
000000066292
000000141257
000000475493
000000319398
000000508418
000000388854
000000081020
000000521296
000000153692
000000369784
000000268340
000000319469
000000539848
000000335255
000000080043
000000123776
000000416718
000000149871
000000235534
000000209989
000000345370
000000078336
000000055493
000000015249
000000073029
000000160970
000000478093
000000051680
000000113812
000000446956
000000524681
000000503460
000000435692
000000266274
000000358903
000000454039
000000053806
000000231851
000000410425
000000266099
000000064440
000000333198
000000429712
000000202531
000000383937
000000104345
000000435575
000000469609
000000436558
000000417217
000000141304
000000118950
000000107150
000000489267
000000002931
000000214022
000000514200
000000365032
000000279189
000000457537
000000021945
000000052986
000000581539
000000219984
000000224970
000000271310
000000018048
000000516775
000000217899
000000478376
000000271469
000000038465
000000359625
000000368656
000000209722
000000129060
000000342958
000000538912
000000163031
000000473733
000000401450
000000451960
000000222958
000000132621
000000324161
000000152176
000000186317
000000441292
000000449082
000000038180
000000133928
000000483107
000000183151
000000020770
000000350416
000000200274
000000547106
000000562741
000000481422
000000473060
000000191417
000000273314
000000419105
000000095375
000000252121
000000439356
000000286061
000000088208
000000216036
000000469135
000000027593
000000543608
000000138838
000000432309
000000403525
000000119308
000000197406
000000566419
000000106658
000000001637
000000130527
000000003276
000000010689
000000267680
000000138036
000000423209
000000178838
000000083147
000000567730
000000105960
000000565993
000000443630
000000340472
000000347312
000000099592
000000517890
000000252749
000000274655
000000009057
000000196205
000000446931
000000074280
000000011525
000000073527
000000384316
000000401951
000000364743
000000475667
000000430789
000000053533
000000184667
000000344397
000000393900
000000560222
000000294491
000000335486
000000081787
000000402598
000000492131
000000172851
000000574579
000000362465
000000399499
000000083393
000000275210
000000283730
000000578030
000000067994
000000348853
000000017429
000000246728
000000325919
000000120490
000000066483
000000418325
000000122266
000000024375
000000062351
000000502114
000000259348
000000067749
000000531253
000000429591
000000263112
000000332851
000000004245
000000242945
000000280347
000000388643
000000071796
000000078947
000000468405
000000540695
000000189706
000000512764
000000130292
000000332097
000000330572
000000097078
000000304466
000000077018
000000226583
000000075866
000000566762
000000044953
000000444487
000000507935
000000371179
000000202583
000000350789
000000400257
000000536179
000000361149
000000470147
000000123523
000000224531
000000102843
000000413804
000000173561
000000460234
000000495334
000000352145
000000210097
000000066839
000000073461
000000115106
000000298372
000000010039
000000048118
000000438909
000000011673
000000257178
000000270918
000000458664
000000163361
000000182483
000000210728
000000009763
000000151558
000000318491
000000267863
000000318147
000000225829
000000562582
000000435182
000000325472
000000447160
000000323900
000000185848
000000314279
000000043968
000000458448
000000555390
000000481521
000000426007
000000572546
000000446783
000000226498
000000459342
000000049994
000000138527
000000271092
000000442343
000000164672
000000479023
000000442732
000000500058
000000569750
000000534036
000000433968
000000550144
000000189387
000000286998
000000145994
000000421558
000000249482
000000344005
000000305135
000000010732
000000452721
000000530655
000000391006
000000047614
000000487245
000000341981
000000036196
000000486821
000000191126
000000113698
000000474545
000000553030
000000239736
000000325634
000000431554
000000048636
000000332606
000000042476
000000524257
000000517408
000000397832
000000131133
000000088770
000000135984
000000034674
000000284805
000000552811
000000376549
000000412806
000000288513
000000580652
000000454832
000000546937
000000279421
000000035717
000000412002
000000384617
000000070913
000000494257
000000360452
000000218784
000000020579
000000015302
000000250309
000000180504
000000202171
000000356877
000000276673
000000353372
000000408526
000000517194
000000246183
000000368969
000000581297
000000415435
000000433438
000000006664
000000037458
000000552052
000000122231
000000165479
000000365999
000000261906
000000091581
000000484575
000000115635
000000180587
000000232054
000000052109
000000292349
000000269392
000000543644
000000177959
000000023275
000000080316
000000323267
000000465198
000000101842
000000106067
000000062226
000000374023
000000571051
000000449939
000000408373
000000137849
000000442672
000000517612
000000581572
000000401429
