000000556370
000000492215
000000355801
000000056753
000000441714
000000499532
000000379630
000000580979
000000103667
000000456251
000000359676
000000453158
000000100848
000000205564
000000326780
000000290425
000000290864
000000093427
000000378098
000000186182
000000150185
000000300644
000000176551
000000534074
000000544884
000000554860
000000508481
000000426520
000000019637
000000128254
000000254786
000000574940
000000063661
000000189015
000000075663
000000447647
000000144622
000000382041
000000118027
000000008292
000000478528
000000094260
000000487631
000000351053
000000339192
000000014514
000000105402
000000312682
000000300333
000000533843
000000351104
000000246966
000000300439
000000252086
000000175536
000000517276
000000579437
000000392914
000000451337
000000521008
000000521165
000000550527
000000355270
000000159562
000000518235
000000096306
000000014175
000000546984
000000303994
000000146509
000000291655
000000055077
000000371506
000000515585
000000541313
000000176275
000000208147
000000527025
000000304315
000000213375
000000134691
000000024323
000000414156
000000282840
000000499391
000000537553
000000121891
000000044039
000000162801
000000362711
000000520799
000000211436
000000081943
000000223122
000000578171
000000513606
000000099065
000000323369
000000262965
000000344762
000000348648
000000334566
000000217653
000000215450
000000077151
000000173610
000000272068
000000073591
000000410301
000000521107
000000179611
000000388027
000000548926
000000478505
000000382307
000000066943
000000289962
000000176193
000000053223
000000094716
000000000735
000000312841
000000485303
000000494155
000000526980
000000393266
000000360678
000000100530
000000543291
000000267598
000000180857
000000476515
000000122839
000000471446
000000458390
000000522066
000000024019
000000124627
000000060600
000000555294
000000260035
000000109425
000000486410
000000260395
000000442600
000000398803
000000133999
000000118787
000000066151
000000387441
000000077100
000000464149
000000486186
000000296770
000000513361
000000564475
000000045768
000000089743
000000040517
000000344415
000000022582
000000260088
000000109835
000000391652
000000355875
000000263270
000000544279
000000558886
000000120595
000000269945
000000392027
000000129512
000000276845
000000510899
000000025548
000000280589
000000166997
000000229317
000000335524
000000102225
000000465508
000000081128
000000139889
000000349486
000000194579
000000170601
000000206704
000000113559
000000350969
000000496210
000000326073
000000563396
000000032724
000000481670
000000435399
000000427007
000000167693
000000106028
000000482751
000000083587
000000220368
000000148353
000000008457
000000428612
000000511587
000000459185
000000157221
000000185550
000000390052
000000533517
000000361763
000000321554
000000385781
000000500690
000000371217
000000330919
000000320533
000000008320
000000262347
000000332777
000000336777
000000135251
000000464296
000000503832
000000174474
000000229419
000000250289
000000149381
000000338637
000000121047
000000242194
000000235081
000000018687
000000369470
000000206783
000000167356
000000176098
000000464875
000000100689
000000310981
000000109644
000000100207
000000453932
000000482625
000000276634
000000316578
000000484599
000000160064
000000068713
000000395140
000000096250
000000421400
000000230014
000000231341
000000076844
000000317732
000000237560
000000384496
000000186797
000000168329
000000071516
000000387977
000000446732
000000483013
000000151005
000000140512
000000389487
000000149027
000000156876
000000051249
000000476984
000000312631
000000115314
000000364027
000000279933
000000028260
000000229563
000000321805
000000414733
000000044332
000000243316
000000543026
000000430391
000000334610
000000559024
000000554464
000000100244
000000377525
000000253578
000000458355
000000438038
000000189330
000000427133
000000547460
000000055443
000000272961
000000553969
000000314766
000000521663
000000488514
000000058627
000000437609
000000021061
000000441361
000000014135
000000248255
000000293505
000000047181
000000184568
000000269590
000000386856
000000246237
000000273743
000000512545
000000406750
000000454898
000000542937
000000335411
000000431383
000000161569
000000555013
000000018201
000000565514
000000572749
000000555143
000000431731
000000253251
000000269502
000000217304
000000366086
000000021919
000000332131
000000336517
000000147610
000000396354
000000398674
000000299372
000000568131
000000241082
000000257498
000000202010
000000401553
000000320370
000000393826
000000501502
000000236262
000000324476
000000244760
000000231060
000000554082
000000213432
000000274074
000000104811
000000443377
000000038552
000000387672
000000195472
000000535651
000000425324
000000001453
000000391825
000000034961
000000188973
000000409623
000000028110
000000308652
000000046467
000000010327
000000371243
000000509373
000000382171
000000118212
000000345154
000000284684
000000035478
000000202413
000000039322
000000361341
000000389041
000000243699
000000041785
000000388714
000000223314
000000490232
000000428816
000000154556
000000007729
000000247199
000000032673
000000238573
000000062557
000000099856
000000012016
000000212479
000000319188
000000163132
000000551454
000000406250
000000219442
000000405622
000000195269
000000362343
000000557578
000000494415
000000175347
000000335194
000000180784
000000046263
000000151575
000000258112
000000221183
000000294244
000000316970
000000150838
000000059622
000000377488
000000541580
000000542307
000000433992
000000288227
000000270431
000000166920
000000273067
000000490294
000000053691
000000177978
000000177550
000000041859
000000329088
000000223929
000000434943
000000081505
000000069117
000000522916
000000351827
000000018464
000000145264
000000554439
000000220932
000000304876
000000046310
000000224601
000000142168
000000155543
000000084582
000000042919
000000239505
000000022710
000000347377
000000256967
000000531617
000000192502
000000255479
000000340771
000000293789
000000502359
000000091810
000000338132
000000206909
000000518638
000000133315
000000379115
000000176828
000000540816
000000175664
000000208954
000000354179
000000083950
000000302318
000000515376
000000056075
000000407180
000000164372
000000344284
000000431342
000000258043
000000478035
000000163319
000000077063
000000111435
000000223139
000000321213
000000510230
000000461208
000000334868
000000434262
000000330400
000000244487
000000095412
000000224111
000000532753
000000070178
000000263073
000000522032
000000001497
000000545053
000000539298
000000230171
000000471008
000000350150
000000264718
000000434072
000000017766
000000528006
000000179460
000000458093
000000453566
000000376491
000000334997
000000331594
000000214394
000000136652
000000048742
000000081081
000000470738
000000424102
000000532390
000000348759
000000152211
000000507889
000000566049
000000211536
000000532310
000000225786
000000043678
000000188346
000000047396
000000211913
000000283912
000000556600
000000236611
000000197279
000000197853
000000235471
000000151141
000000119562
000000076405
000000346107
000000094593
000000033891
000000401270
000000089602
000000564031
000000461007
000000030055
000000090676
000000143717
000000154898
000000083090
000000039309
000000428898
000000246287
000000518823
000000387635
000000391842
000000460858
000000164599
000000045627
000000524068
000000160239
000000205883
000000563458
000000100918
000000244206
000000254476
000000352866
000000356006
000000149592
000000381842
000000437701
000000114686
000000565947
000000551910
000000068520
000000420852
000000165341
000000041998
000000360606
000000280062
000000204423
000000329940
000000081317
000000042968
000000046737
000000545237
000000352587
000000262262
000000069599
000000194676
000000149648
000000149442
000000340258
000000176470
000000293931
000000144337
000000479469
000000578383
000000138755
000000225869
000000186075
000000084890
000000083487
000000219754
000000522160
000000408288
000000307371
000000136886
000000248701
000000084683
000000053907
000000424370
000000391700
000000127555
000000269664
000000429246
000000071492
000000021175
000000539768
000000401699
000000126413
000000549597
000000525462
000000265234
000000020784
000000579739
000000578786
000000267353
000000242612
000000259426
000000551515
000000205374
000000146111
000000108964
000000397628
000000046004
000000063549
000000536554
000000576789
000000023951
000000119669
000000144503
000000054162
000000484761
000000127104
000000475218
000000490111
000000140020
000000349318
000000509483
000000473754
000000156985
000000339790
000000220224
000000372971
000000021599
000000246267
000000116783
000000010540
000000097659
000000145862
000000082957
000000101270
000000207065
000000149974
000000526758
000000150016
000000196723
000000048388
000000313953
000000265974
000000141517
000000240093
000000023200
000000488918
000000254732
000000139614
000000081224
000000136835
000000072910
000000430522
000000216618
000000202991
000000532710
000000111417
000000135790
000000514676
000000276458
000000116464
000000512146
000000409681
000000564544
000000011766
000000081107
000000092353
000000345329
000000237538
000000481290
000000192627
000000154648
000000128706
000000128918
000000480447
000000027937
000000559453
000000573967
000000101033
000000079362
000000244246
000000340222
000000256565
000000067788
000000150455
000000228407
000000124246
000000224800
000000091644
000000439702
000000347007
000000372914
000000527526
000000039225
000000117961
000000300279
000000260456
000000399905
000000302467
000000040930
000000214759
000000567430
000000448253
000000188918
000000117543
000000013397
000000423767
000000167317
000000213780
000000329573
000000352361
000000558834
000000577079
000000210239
000000135618
000000395552
000000511506
000000382689
000000329766
000000292394
000000497139
000000280530
000000548690
000000041606
000000277697
000000568830
000000006783
000000375455
000000338156
000000299641
000000121457
000000329892
000000482798
000000128631
000000161751
000000547796
000000454749
000000527615
000000496506
000000147934
000000403716
000000090793
000000227677
000000556458
000000467466
000000562879
000000532833
000000198271
000000448117
000000192970
000000025433
000000299353
000000083548
000000348047
000000290578
000000446131
000000393513
000000158486
000000021084
000000165422
000000495993
000000314450
000000062889
000000296192
000000581702
000000258770
000000064314
000000156236
000000021204
000000168127
000000408426
000000412167
000000038117
000000417273
000000501614
000000505814
000000407253
000000088726
000000081630
000000361381
000000173153
000000011326
000000448737
000000053145
000000447228
000000148517
000000338880
000000478338
000000323091
000000005394
000000425772
000000006824
000000235200
000000178426
000000054192
000000252290
000000133739
000000376790
000000268114
000000055272
000000273967
000000349386
000000176009
000000107584
000000180154
000000159044
000000555606
000000315165
000000347596
000000313659
000000499985
000000225682
000000139157
000000375939
000000087740
000000395341
000000149810
000000207172
000000207998
000000121570
000000507362
000000420976
000000111612
000000431991
000000078213
000000060529
000000240287
000000406342
000000144874
000000512263
000000341822
000000431092
000000226654
000000036057
000000551608
000000274526
000000108722
000000443360
000000580235
000000286823
