000000124827
000000106878
000000435832
000000523863
000000464649
000000443963
000000574901
000000328315
000000450849
000000367716
000000052153
000000005830
000000422161
000000199188
000000130180
000000221427
000000152657
000000519831
000000093604
000000421102
000000484835
000000019818
000000495677
000000380854
000000385103
000000521968
000000018801
000000001355
000000122982
000000196870
000000560172
000000199540
000000091942
000000452459
000000436141
000000195725
000000395838
000000233112
000000201770
000000067297
000000347558
000000030822
000000212646
000000184396
000000120744
000000124601
000000174332
000000185512
000000365927
000000024880
000000019380
000000520685
000000539196
000000275781
000000275279
000000173069
000000077375
000000237350
000000188544
000000322405
000000408227
000000307502
000000474031
000000542359
000000459879
000000255578
000000235404
000000449708
000000280787
000000505980
000000401735
000000181122
000000542070
000000469638
000000533125
000000272866
000000311478
000000478007
000000345899
000000544601
000000486009
000000274254
000000497661
000000002559
000000316026
000000480594
000000319579
000000261139
000000331864
000000495122
000000447038
000000305905
000000210856
000000109216
000000435218
000000502749
000000105177
000000306135
000000280641
000000334328
000000163858
000000087126
000000204714
000000380126
000000108283
000000186405
000000098444
000000036090
000000434200
000000470485
000000362094
000000169517
000000529542
000000311354
000000540538
000000208754
000000176487
000000400149
000000191329
000000153067
000000223467
000000303666
000000189893
000000368983
000000058241
000000544582
000000141343
000000375654
000000209931
000000150920
000000426548
000000521729
000000263677
000000016730
000000206628
000000322768
000000010800
000000059843
000000242992
000000042620
000000109291
000000124052
000000146601
000000228133
000000164442
000000490993
000000205556
000000423097
000000129872
000000299468
000000386530
000000315193
000000449950
000000007517
000000226097
000000015569
000000381629
000000451983
000000360371
000000392537
000000084776
000000256613
000000237303
000000359033
000000212381
000000301381
000000359563
000000482545
000000170630
000000433919
000000457492
000000310435
000000255525
000000277122
000000195885
000000380574
000000422395
000000573784
000000181628
000000552826
000000302997
000000573993
000000264870
000000366162
000000156533
000000054334
000000322180
000000453785
000000332690
000000519707
000000161983
000000148931
000000028976
000000020536
000000245274
000000536010
000000473555
000000237245
000000413070
000000128369
000000103465
000000384793
000000495625
000000277950
000000400552
000000267200
000000231272
000000285018
000000014861
000000512419
000000216223
000000220601
000000573920
000000115270
000000011712
000000002278
000000177811
000000157017
000000458232
000000219413
000000379740
000000182385
000000173684
000000375544
000000377183
000000481172
000000358172
000000291206
000000420882
000000390693
000000439024
000000119966
000000281365
000000319962
000000196047
000000270818
000000012147
000000390190
000000246071
000000458141
000000370444
000000071589
000000404046
000000289654
000000388911
000000073064
000000261349
000000574147
000000029377
000000133426
000000407346
000000452479
000000279041
000000241528
000000180490
000000004410
000000022012
000000282286
000000111556
000000256196
000000382707
000000444399
000000126921
000000161347
000000207686
000000298452
000000444233
000000132795
000000304078
000000222332
000000330086
000000033175
000000535318
000000052751
000000318445
000000389589
000000356066
000000159285
000000515938
000000316755
000000261256
000000478320
000000456077
000000007650
000000006338
000000065239
000000135155
000000522452
000000552245
000000486595
000000238198
000000207264
000000525884
000000223554
000000178538
000000059142
000000528117
000000505528
000000316397
000000167621
000000100454
000000134285
000000114055
000000382729
000000550842
000000038589
000000122537
000000527291
000000459537
000000317816
000000366508
000000055049
000000490952
000000111536
000000466505
000000087980
000000142208
000000088860
000000077979
000000315960
000000058141
000000401808
000000281952
000000517460
000000316914
000000419013
000000534906
000000005669
000000104417
000000016364
000000281855
000000247880
000000380732
000000097871
000000226459
000000254948
000000490749
000000218830
000000403054
000000445113
000000292928
000000220255
000000262619
000000043758
000000365948
000000525300
000000506232
000000058772
000000573885
000000504699
000000211119
000000203545
000000099961
000000067361
000000570538
000000056845
000000374886
000000499918
000000018250
000000033820
000000106165
000000221083
000000161947
000000211189
000000124739
000000212187
000000263412
000000177109
000000450037
000000150044
000000284960
000000457948
000000372428
000000034299
000000376945
000000109663
000000401163
000000550875
000000228340
000000239888
000000030608
000000438973
000000205214
000000007566
000000197329
000000233841
000000137304
000000502805
000000019471
000000505597
000000012757
000000333708
000000118748
000000548636
000000282385
000000010936
000000571721
000000144552
000000119194
000000567186
000000327502
000000125735
000000519024
000000554310
000000060056
000000523473
000000362796
000000498975
000000465324
000000203429
000000345591
000000125390
000000342643
000000067255
000000259814
000000505157
000000509188
000000108154
000000435785
000000333517
000000441854
000000525101
000000030925
000000116526
000000310240
000000326583
000000213897
000000173647
000000043170
000000519528
000000344190
000000357601
000000495790
000000262299
000000289341
000000265059
000000387293
000000211346
000000252996
000000522702
000000207554
000000243355
000000033422
000000443497
000000102300
000000196686
000000303376
000000277172
000000341794
000000220307
000000229262
000000417485
000000564654
000000112128
000000352945
000000098182
000000508151
000000040779
000000105750
000000475693
000000555520
000000250849
000000262175
000000466827
000000071719
000000296602
000000236096
000000210991
000000120067
000000477516
000000181757
000000284551
000000581731
000000569432
000000532419
000000158914
000000009836
000000029600
000000160028
000000362677
000000489834
000000554965
000000181058
000000308350
000000094148
000000210346
000000416013
000000103008
000000085122
000000295655
000000081894
000000269718
000000342476
000000426482
000000410388
000000188454
000000462315
000000503600
000000534045
000000175451
000000466531
000000063334
000000030685
000000510799
000000328499
000000511014
000000027513
000000447124
000000363071
000000110023
000000377920
000000146722
000000022529
000000457016
000000259687
000000331059
000000191376
000000181007
000000428503
000000169321
000000344830
000000516516
000000320396
000000546067
000000521321
000000578567
000000092644
000000527562
000000147675
000000468525
000000470026
000000539734
000000329498
000000297919
000000294977
000000484714
000000198249
000000186941
000000181534
000000164292
000000295957
000000503106
000000322972
000000050493
000000439236
000000233362
000000368564
000000572765
000000029020
000000236292
000000405823
000000296072
