000000066064
000000132495
000000552488
000000357511
000000131879
000000388203
000000305667
000000141172
000000362151
000000063252
000000205677
000000408252
000000138601
000000464744
000000240175
000000128568
000000029564
000000254529
000000572702
000000537170
000000450707
000000228091
000000255096
000000423718
000000335767
000000291286
000000254005
000000060018
000000277263
000000229618
000000224017
000000548858
000000076149
000000196799
000000075481
000000053842
000000129699
000000210389
000000557552
000000200739
000000282552
000000151731
000000383158
000000109141
000000307153
000000272735
000000196104
000000034508
000000288707
000000323983
000000103366
000000012524
000000551159
000000343159
000000207500
000000051181
000000123208
000000147520
000000285059
000000298949
000000369547
000000295328
000000105582
000000133615
000000004490
000000421491
000000090343
000000206747
000000394415
000000102910
000000410755
000000095176
000000020106
000000444263
000000090367
000000258985
000000282229
000000363111
000000147132
000000023539
000000158602
000000149571
000000354132
000000497797
000000157424
000000484973
000000519165
000000184463
000000414279
000000439325
000000014307
000000082901
000000266697
000000329462
000000495969
000000467193
000000174402
000000304919
000000043511
000000292145
000000529320
000000538263
000000423777
000000546531
000000569706
000000362563
000000262873
000000236078
000000315660
000000227552
000000433874
000000456519
000000336079
000000102471
000000309403
000000178749
000000437522
000000003713
000000336645
000000192023
000000379070
000000289682
000000385972
000000067117
000000543697
000000228522
000000491211
000000007713
000000009286
000000355777
000000146676
000000407768
000000023395
000000295377
000000170695
000000008746
000000066325
000000221748
000000402683
000000089384
000000048304
000000061494
000000420234
000000243950
000000483078
000000355214
000000354616
000000406171
000000277575
000000160812
000000453421
000000134033
000000259088
000000242716
000000297692
000000126686
000000541631
000000038752
000000447558
000000020972
000000252811
000000008181
000000240112
000000460243
000000030142
000000411975
000000264495
000000338819
000000416810
000000263031
000000130908
000000008944
000000248333
000000083260
000000355137
000000393928
000000237188
000000128142
000000315128
000000119743
000000175112
000000170766
000000034246
000000029934
000000391046
000000179405
000000116339
000000419724
000000178177
000000454129
000000325530
000000065360
000000412083
000000507918
000000462964
000000074465
000000496434
000000258136
000000015496
000000522534
000000571160
000000114880
000000173768
000000581056
000000218158
000000107959
000000403222
000000377715
000000294104
000000541901
000000503674
000000442040
000000413556
000000322089
000000008807
000000498931
000000098395
000000332063
000000009727
000000241638
000000049884
000000483449
000000240358
000000185448
000000378491
000000099094
000000293554
000000120207
000000286645
000000463781
000000577206
000000069008
000000219486
000000112928
000000171179
000000185663
000000037177
000000138351
000000207317
000000328041
000000351233
000000434805
000000086452
000000124571
000000256035
000000407674
000000355192
000000496548
000000032707
000000103335
000000511843
000000125840
000000490182
000000473144
000000577125
000000359339
000000474955
000000529515
000000400430
000000210081
000000468825
000000057676
000000035818
000000567304
000000389692
000000145378
000000057157
000000116032
000000161304
000000527899
000000203870
000000245441
000000014547
000000571415
000000231863
000000459032
000000474168
000000441012
000000441511
000000201042
000000411130
000000426261
000000340103
000000184383
000000262588
000000405441
000000402915
000000312142
000000424293
000000580003
000000397010
000000463715
000000280241
000000449315
000000510729
000000083448
000000155035
000000246366
000000532145
000000550783
000000539376
000000130226
000000286530
000000435145
000000511763
000000485202
000000196430
000000258679
000000121852
000000092847
000000456589
000000148375
000000337297
000000369905
000000431825
000000572876
000000405527
000000536290
000000137579
000000508969
000000179682
000000296703
000000194605
000000108452
000000163273
000000038934
000000538931
000000478621
000000260966
000000567644
000000030470
000000276365
000000499198
000000419310
000000359977
000000033061
000000480685
000000446882
000000227635
000000496264
000000017708
000000414610
000000151282
000000113393
000000384848
000000150812
000000238005
000000230888
000000488796
000000556982
000000131967
000000271542
000000520980
000000191686
000000096288
000000180095
000000312959
000000413719
000000227495
000000314357
000000227250
000000360991
000000085584
000000581348
000000549242
000000113846
000000522406
000000343599
000000533231
000000218678
000000043133
000000241440
000000565612
000000029151
