000000283890
000000224776
000000049194
000000162199
000000186034
000000387109
000000338760
000000440093
000000575355
000000195081
000000236985
000000443294
000000391682
000000238152
000000553129
000000145699
000000347766
000000263503
000000436321
000000511345
000000427736
000000473516
000000574735
000000238245
000000015902
000000417885
000000252411
000000116731
000000536392
000000226695
000000504639
000000309264
000000256950
000000065463
000000212074
000000380931
000000406530
000000034855
000000136260
000000162898
000000314179
000000069340
000000028802
000000036278
000000399585
000000393989
000000152472
000000267067
000000036996
000000332202
000000287870
000000035677
000000026051
000000068838
000000045406
000000075266
000000359439
000000064001
000000181815
000000403915
000000318892
000000314915
000000515204
000000525020
000000212525
000000108093
000000341700
000000265135
000000253810
000000306444
000000580051
000000438315
000000348825
000000432598
000000141002
000000553758
000000578324
000000190495
000000107068
000000322594
000000386755
000000222083
000000577643
000000400567
000000012825
000000302160
000000215135
000000498423
000000039698
000000552595
000000057005
000000346699
000000408057
000000168531
000000252186
000000435975
000000519731
000000332217
000000297954
000000370783
000000088647
000000277150
000000026652
000000287335
000000360910
000000002621
000000075458
000000130884
000000353761
000000443780
000000246701
000000305492
000000109873
000000274776
000000025820
000000011305
000000033204
000000332427
000000288194
000000100347
000000115911
000000547080
000000495578
000000269109
000000359904
000000574057
000000573119
000000061072
000000346469
000000499398
000000577796
000000454325
000000410599
000000022432
000000031865
000000535777
000000414912
000000135045
000000137110
000000219467
000000486989
000000088146
000000013492
000000506576
000000312746
000000218982
000000417716
000000090392
000000285450
000000115145
000000052669
000000441598
000000412510
000000135866
000000174026
000000399661
000000365855
000000325302
000000335864
000000190705
000000461024
000000356476
000000182175
000000401569
000000485894
000000458955
000000540388
000000116832
000000486484
000000135545
000000162343
000000466097
000000508809
000000130116
000000079143
000000019391
000000183012
000000051741
000000521200
000000306868
000000201634
000000175053
000000172805
000000164242
000000259906
000000208669
000000056499
000000486788
000000542529
000000142337
000000129310
000000333888
000000408672
000000197661
000000126065
000000150675
000000047629
000000397941
000000318314
000000381661
000000274697
000000240698
000000226957
000000033608
000000565112
000000014600
000000139917
000000281567
000000040572
000000373857
000000177088
000000249883
000000284170
000000435664
000000545727
000000159948
000000457833
000000005703
000000044995
000000074458
000000530342
000000272675
000000493110
000000154811
000000269566
000000433504
000000512068
000000544365
000000203603
000000276317
000000222517
000000159392
000000436859
000000258226
000000063918
000000479663
000000436306
000000386929
000000329261
000000429895
000000167645
000000194553
000000211632
000000062443
000000544109
000000360571
000000019581
000000257341
000000523696
000000375904
000000470774
000000036546
000000100322
000000280972
000000256655
000000028239
000000067445
000000225546
000000534300
000000015089
000000473230
000000570876
000000496782
000000127744
000000313861
000000385494
000000269434
000000140666
000000157084
000000450169
000000304295
000000165766
000000230769
000000249810
000000340393
000000442428
000000524819
000000240618
000000000490
000000184902
000000409194
000000304341
000000066543
000000481954
000000303507
000000389793
000000515274
000000004970
000000291833
000000103059
000000373099
000000325357
000000459219
000000569543
000000332537
000000068442
000000541147
000000478071
000000538589
000000028385
000000293377
000000313705
000000484344
000000393486
000000016164
000000054513
000000340321
000000483247
000000536923
000000577532
000000198786
000000045359
000000203492
000000527391
000000469047
000000470112
000000044923
000000102191
000000578130
000000386640
000000230417
000000014921
000000077849
000000543364
000000335459
000000468341
000000458821
000000579065
000000385144
000000103856
000000386257
000000122787
000000333485
000000051342
000000430101
000000332736
000000320731
000000353644
000000154207
000000161202
000000519566
000000515734
000000514271
000000291345
000000187329
000000336984
000000177496
000000562433
000000299216
000000390956
000000056638
000000306499
000000105863
000000004309
000000570714
000000142806
000000400107
000000191706
000000265490
000000557400
000000259565
000000524168
000000445556
000000539791
000000552112
000000275511
000000026697
000000568281
000000237131
000000264957
000000293979
000000123643
000000044420
000000075120
000000565257
000000022793
000000257416
000000352739
000000101660
000000469082
000000469300
000000377960
000000337177
000000549209
000000463944
000000323519
000000082118
000000483047
000000152992
000000010867
000000550021
000000294763
000000187810
000000253854
000000055580
000000482443
000000362608
000000407413
000000420615
000000247744
000000398613
000000171109
000000562495
000000035217
000000050099
000000109487
000000129988
000000225518
000000549954
000000366867
000000033717
000000385406
000000474283
000000154614
000000364385
000000466573
000000554651
000000300882
000000140821
000000512495
000000284884
000000027063
000000160283
000000504827
000000026576
000000405648
000000240054
000000002150
000000416387
000000394009
000000462501
000000303423
000000544127
000000536602
000000545160
000000258628
000000520485
000000017676
000000125017
000000567706
000000290361
000000264647
000000429052
000000348480
000000092207
000000490567
000000132373
000000466656
000000316190
000000563961
000000476539
000000475645
000000141604
000000202463
000000251113
000000577052
000000566670
000000205808
000000470313
000000113437
000000489986
000000300748
000000458629
000000186103
000000234277
000000361618
000000026368
000000300571
000000567093
000000328883
000000103773
000000412753
000000402357
000000328354
000000197934
000000036693
000000377577
000000112697
000000426420
000000227699
000000287509
000000208875
000000109084
000000090935
000000462131
000000455342
000000251366
000000552977
000000240784
000000274195
000000236572
000000198631
000000388298
000000315861
000000456900
000000200857
000000028209
000000364167
000000075552
000000072255
000000190881
000000452878
000000171349
000000095105
000000243386
000000227438
000000314538
000000306232
000000464534
000000056160
000000431306
000000238355
000000414787
000000036805
000000533601
000000425578
000000393129
000000509792
000000017105
000000166003
000000032689
000000106363
000000399832
000000466974
000000379529
000000366599
000000508215
000000192885
000000139970
000000315491
000000179124
000000099342
000000373568
000000117721
000000455651
000000450567
000000267932
000000295166
000000055544
000000444893
000000019015
000000482393
000000014730
000000106459
000000494300
000000341534
000000309797
000000207775
000000382401
000000406420
000000189561
000000082650
000000070688
000000268804
000000359202
000000158873
000000532668
000000472540
000000400658
000000490153
000000069936
000000388933
000000517326
000000288099
000000483956
000000076571
000000558246
000000167235
000000513616
000000510299
000000312384
000000201496
000000236161
000000286144
000000012641
000000452917
000000144176
000000012107
000000489896
000000335925
000000303962
000000278321
000000216003
000000455005
000000513936
000000359851
000000505939
000000307569
000000054452
000000060775
000000437262
000000563562
000000322350
000000341299
000000135303
000000235269
000000137501
000000246323
000000407814
000000464207
000000017526
000000122947
000000035352
000000350897
000000410942
000000417129
000000219379
000000207366
000000568068
000000533176
000000455959
000000530293
000000035401
000000553232
000000340636
000000545534
000000147735
000000393546
000000440844
000000283955
000000157321
000000085744
000000572036
000000270089
000000221899
000000163553
000000319216
000000162592
000000012421
000000049716
000000127377
000000499749
000000451651
000000557694
000000054966
000000207670
000000421250
000000477705
000000266556
000000196283
000000518215
000000188787
000000421535
000000114776
000000188137
000000231502
000000081819
000000343038
000000208350
000000404546
000000185002
000000344126
000000523358
000000173887
000000114286
000000558678
000000381186
000000400449
000000027440
000000046408
000000227186
000000097367
000000469195
000000288336
000000051706
000000375080
000000009517
000000078609
000000291537
000000115707
000000017183
000000493845
000000336162
000000139679
000000028336
000000355406
000000048229
000000255013
000000002402
000000527082
000000303108
000000573546
000000092187
000000513168
000000133908
000000201352
000000363386
000000486139
000000443432
000000320429
000000098031
000000166750
000000283666
000000396852
000000322692
000000103978
000000240976
000000367767
000000199122
000000255859
000000426680
000000175737
000000224081
000000329817
000000351855
000000459755
000000040056
000000254250
000000463355
000000269229
000000267164
000000038531
000000025024
000000130610
000000046195
000000418907
000000503050
000000388980
000000002235
000000468484
000000184210
000000580345
000000393979
000000383046
000000152668
000000176993
000000422640
000000267289
000000217376
000000093789
000000495454
000000056963
000000365317
000000037205
000000568403
000000205512
000000078488
000000042697
000000324912
000000577907
000000425709
000000039509
000000576652
000000475735
000000222411
000000383699
000000291478
000000270136
000000286753
000000540330
000000252868
000000534001
000000305527
000000452404
000000522262
000000215819
000000180667
000000247071
000000355441
000000556920
000000339276
000000524966
000000045593
000000327174
000000247110
000000252786
000000312439
000000183044
000000488011
000000335909
000000526680
000000314616
000000452694
000000549048
000000529745
000000353543
000000158451
000000097946
000000196016
000000017365
000000330187
000000275930
000000198530
000000213403
000000134362
000000062295
000000335644
000000210458
000000137382
000000515508
000000548253
000000306812
000000451165
000000314852
000000536496
000000232724
000000190546
000000487181
000000099476
000000019444
000000368206
000000005907
000000064088
000000579952
000000480876
000000563593
000000070642
000000296462
000000346178
000000139380
000000120179
000000202909
000000319266
000000426453
000000563323
000000269606
000000574376
000000133559
000000243292
000000257387
000000036827
000000463800
000000080521
000000566277
000000553330
000000096664
000000444445
000000378661
000000359249
000000190998
000000466332
000000397101
000000495357
000000416059
000000039467
000000498449
000000334957
000000016605
000000427901
000000449114
000000121778
000000031164
000000307442
000000182556
000000469165
000000111224
000000145684
000000477585
000000458205
000000402527
000000036776
000000221737
000000256364
000000130564
000000138488
000000397190
000000432908
000000243153
000000540175
000000578990
000000176680
000000412384
000000023895
000000372844
000000202964
000000154847
000000067871
000000428440
000000295924
000000032812
000000574996
000000394590
000000054301
000000349047
000000157486
000000322858
000000156504
000000416484
000000510534
000000496322
000000234352
000000373512
000000003830
000000527353
000000519850
000000138730
000000556149
000000223870
000000037748
000000326618
000000108210
000000324706
000000118186
000000007298
000000461236
000000038729
000000469556
000000224247
000000266469
000000254212
000000243787
000000276789
000000251758
000000381786
000000037519
000000536969
000000148282
000000296901
000000248467
000000466395
000000084222
000000203765
000000385346
000000374374
000000004132
000000438617
000000137230
000000143006
000000152012
000000395665
000000581009
000000238709
000000045110
000000242526
000000126590
000000307272
000000190566
000000197827
000000431675
000000320682
000000324646
000000198600
000000326555
000000382873
000000100865
000000214213
000000101820
000000250576
000000536831
000000101069
000000542630
000000254081
000000305577
000000479620
000000063036
000000065896
000000005471
000000545309
000000351477
000000465220
000000444631
000000132527
000000473040
000000349418
000000477924
000000469237
000000010678
000000171678
000000273120
000000503502
000000337111
000000445468
000000459569
000000258021
000000036728
000000301432
000000102787
000000506377
000000501293
000000550396
000000092614
000000102387
000000247703
000000355513
000000542024
000000262146
000000462530
000000394251
000000518933
000000322795
000000251860
000000458487
000000336959
000000351140
000000041356
000000514890
000000284150
000000306667
000000390756
000000090307
000000093853
000000280396
000000223718
000000180982
000000136683
000000440204
000000407291
000000277069
000000449369
000000215334
000000104631
000000560544
000000195649
000000345100
000000446597
000000237463
000000308847
000000065415
000000352302
000000040995
000000456149
000000150082
000000305423
000000240902
000000056572
000000434765
000000458677
000000082873
000000040886
000000088087
000000421128
000000345644
000000518182
000000513832
000000033787
000000415821
000000431256
000000294667
000000262707
000000187103
000000133279
000000079905
000000219798
000000071735
000000494711
000000527791
000000272479
000000068801
000000439262
000000506149
000000387223
000000497819
000000494608
000000400740
000000506066
000000532810
000000371874
000000553505
000000363128
000000437759
000000015797
000000371829
000000133115
000000043431
000000106206
000000186842
000000326465
000000230433
000000343087
000000082259
000000111988
000000437808
000000012096
000000366829
000000012459
000000076636
000000013904
000000572284
000000558567
000000179520
000000140783
000000060179
000000403250
000000543411
000000115182
000000306207
000000402970
000000491287
000000568947
000000165654
000000560786
000000000923
000000456191
000000242089
000000267224
000000420500
000000491053
000000303627
000000482834
000000181948
000000345802
000000458724
000000312565
000000344353
000000557732
000000131211
000000146397
000000001122
000000431190
000000285314
000000173121
000000058701
000000444871
000000528201
000000016255
000000183872
000000564631
000000331403
000000411686
000000349934
000000079632
000000121344
000000190900
000000304027
000000082834
000000275954
000000172608
000000176288
000000365099
000000323153
000000125351
000000005564
000000267788
000000273159
000000020444
000000133505
000000231932
000000399991
000000163571
000000284472
000000397678
000000301207
000000162641
000000260491
000000145792
000000558089
000000508045
000000518667
000000270790
000000162747
000000217574
000000457741
000000008065
000000278238
000000528091
000000374946
000000484414
000000530855
000000395469
000000331904
000000277379
000000389824
000000044160
000000231295
000000442818
000000485602
000000306335
000000350467
000000133167
000000292030
000000404204
000000107862
000000195213
000000329751
000000074599
000000116155
000000160694
000000080864
000000197591
000000029170
000000216778
000000064189
000000236332
000000367409
000000107751
000000344205
000000241551
000000475357
000000099981
000000182215
000000291394
000000528458
000000126253
000000533368
000000506942
000000125978
000000576938
000000384986
000000325277
000000392781
000000262221
000000278171
000000472367
000000515022
000000062831
000000090145
000000549114
000000174738
000000281505
000000016805
000000437073
000000015652
000000113495
000000399148
000000436436
000000181873
000000126972
000000065829
000000408799
000000296255
000000112536
000000367850
000000400886
000000517856
000000384161
000000271643
000000274957
000000488567
000000358344
000000472880
000000336426
000000205157
000000132987
000000280291
000000202321
000000056119
000000556512
000000214998
000000540503
000000259136
000000167084
000000194456
000000227928
000000009946
000000059237
000000051437
000000426915
000000506127
000000335101
000000328688
000000514468
000000105623
000000473935
000000482967
000000124796
000000256743
000000342334
000000125494
000000514168
000000001722
000000306928
000000264279
000000580951
000000003326
000000244812
000000328464
000000427679
000000002536
000000333363
000000553188
000000058647
000000363426
000000328181
000000339676
000000193880
000000515098
000000471028
000000380143
000000484244
000000349208
000000284535
000000194968
000000343703
