000000567453
000000521361
000000321057
000000308612
000000190187
000000039131
000000162249
000000161736
000000146885
000000487493
000000452013
000000295613
000000546466
000000551036
000000181677
000000425150
000000575823
000000174868
000000236388
000000187518
000000187465
000000548946
000000321432
000000089232
000000131621
000000439961
000000029875
000000031258
000000281194
000000453366
000000417303
000000115942
000000246398
000000391771
000000409134
000000129026
000000471251
000000013228
000000107558
000000054763
000000256799
000000501788
000000230078
000000485447
000000439855
000000453602
000000121987
000000364343
000000227958
000000487421
000000189634
000000376047
000000471287
000000241466
000000560632
000000365298
000000246613
000000574166
000000086426
000000560088
000000159472
000000305075
000000536514
000000409744
000000372702
000000498022
000000331698
000000069494
000000072935
000000471790
000000081372
000000013769
000000022377
000000062613
000000022196
000000088560
000000029327
000000009016
000000542325
000000354662
000000117377
000000106616
000000309163
000000507830
000000363194
000000285697
000000249058
000000118140
000000139334
000000396670
000000245902
000000134715
000000535917
000000034063
000000213739
000000574094
000000408835
000000257576
000000499662
000000397213
000000332568
000000115654
000000327919
000000437588
000000548126
000000394533
000000347509
000000149314
000000001330
000000529956
000000189766
000000352019
000000403515
000000431167
000000244032
000000206109
000000094951
000000075234
000000205744
000000104444
000000230046
000000377760
000000576963
000000126798
000000372511
000000535422
000000408100
000000279940
000000184135
000000257255
000000081691
000000242664
000000434867
000000089350
000000287884
000000097255
000000491526
000000244334
000000451058
000000131840
000000520434
000000263355
000000221200
000000171737
000000042278
000000444183
000000209957
000000304115
000000050627
000000352194
000000010711
000000031588
000000070600
000000443057
000000393664
000000429490
000000134167
000000350360
000000555456
000000117304
000000307703
000000402880
000000477222
000000140634
000000540068
000000381280
000000356414
000000442324
000000468588
000000035936
000000346785
000000447694
000000491581
000000473641
000000442968
000000426635
000000404823
000000456975
000000449210
000000301735
000000143666
000000210448
000000125084
000000024522
000000183327
000000064705
000000548011
000000050410
000000007938
000000434379
000000467126
000000340036
000000158421
000000143616
000000163220
000000054572
000000173375
000000275412
000000521482
000000041180
000000055737
000000233690
000000558983
000000183597
000000121644
000000543193
000000094526
000000385042
000000346544
000000294956
000000194138
000000556278
000000064941
000000193171
000000315402
000000176593
000000074110
000000514248
000000334184
000000175951
000000251395
000000387048
000000113654
000000471376
000000295308
000000385626
000000394058
000000305175
000000578703
000000029437
000000112582
000000165522
000000578427
000000009615
000000342183
000000222758
000000384573
000000392363
000000109393
000000187902
000000345497
000000545124
000000318261
000000438375
000000152722
000000407974
000000498610
000000354546
000000076721
000000335054
000000570344
000000122108
000000529670
000000112720
000000440283
000000004876
000000286310
000000195300
000000142672
000000197461
000000311669
000000131666
000000352454
000000517929
000000096006
000000433262
000000325690
000000194191
000000189301
000000234883
000000438200
000000274894
000000279605
000000527207
000000105448
000000411630
000000214131
000000404780
000000105761
000000286253
000000107839
000000206889
000000078537
000000194786
000000308950
000000049731
000000116622
000000429693
000000403558
000000243251
000000150888
000000040085
000000426598
000000432247
000000327735
000000168377
000000209418
000000285000
000000087286
000000036850
000000500317
000000495088
000000563798
000000167593
000000286490
000000289034
000000351288
000000270583
000000204216
000000518359
000000109206
000000092153
000000043347
000000552346
000000219921
000000194722
000000059171
000000275380
000000406767
000000296367
000000006998
000000387883
000000053733
000000138434
000000046608
000000085383
000000122040
000000268133
000000511218
000000547293
000000445305
000000103307
000000216827
000000158853
000000195978
000000313792
000000242061
000000550365
000000513282
000000371531
000000322820
000000374516
000000516947
000000025360
000000307136
000000517370
000000223339
000000355321
000000549519
000000455435
000000107216
000000201389
000000519287
000000354831
000000194013
