000000319339
000000569500
000000215626
000000312870
000000084964
000000526892
000000025172
000000447378
000000105520
000000082462
000000579541
000000147856
000000165833
000000347274
000000249227
000000404633
000000410054
000000133839
000000152265
000000384916
000000415901
000000071691
000000373381
000000097610
000000214664
000000138070
000000107427
000000370973
000000575922
000000102163
000000089268
000000243773
000000457892
000000541193
000000256713
000000555811
000000417763
000000393578
000000085284
000000192098
000000260307
000000057885
000000446033
000000044471
000000350736
000000279563
000000390368
000000540789
000000283629
000000077650
000000467745
000000418680
000000123366
000000086140
000000486002
000000471860
000000170235
000000420045
000000207584
000000250129
000000470070
000000021419
000000411840
000000138096
000000539418
000000412419
000000266115
000000275694
000000208801
000000004080
000000554046
000000094392
000000455363
000000181782
000000297198
000000105708
000000407698
000000136365
000000104174
000000481326
000000129722
000000373267
000000510211
000000264806
000000479495
000000380636
000000329711
000000002684
000000124466
000000212241
000000340602
000000238427
000000365611
000000499164
000000529877
000000362884
000000341431
000000497265
000000556108
000000047004
000000019890
000000493822
000000477858
000000326995
000000022626
000000156098
000000217471
000000512983
000000547675
000000014029
000000173504
000000191096
000000210806
000000102118
000000579925
000000547614
000000529215
000000316443
000000348251
000000288984
000000470254
000000557313
000000090201
000000004716
000000313525
000000097048
000000486355
000000463875
000000434991
000000279226
000000483620
000000134926
000000419682
000000540846
000000063729
000000463830
000000580461
000000240589
000000110439
000000319440
000000395500
000000349686
000000201078
000000074523
000000472012
000000498706
000000288580
000000264758
000000080422
000000274931
000000072716
000000515896
000000164036
000000177896
000000354741
000000327131
000000550968
000000265796
000000318605
000000144904
000000536100
000000280216
000000545093
000000012552
000000414661
000000111490
000000320271
000000435342
000000411243
000000467076
000000290608
000000005620
000000058465
000000370637
000000025100
000000324688
000000250192
000000413321
000000575904
000000216761
000000404464
000000037666
000000514318
000000410108
000000385837
000000110482
000000506034
000000404917
000000022118
000000397772
000000103512
000000452545
000000164104
000000402808
000000189882
000000580797
000000061231
000000510663
000000289312
000000563062
000000497907
000000065957
000000335984
000000031678
000000454162
000000479172
000000276749
000000324849
000000370890
000000517026
000000549377
000000300008
000000044227
000000347962
000000480990
000000344043
000000492943
000000357800
000000048489
000000351981
000000334391
000000367148
000000512449
000000257983
000000372604
000000171613
000000050117
000000472841
000000461278
000000050464
000000495734
000000197759
000000012408
000000098210
000000386436
000000016531
000000098981
000000226345
000000027343
000000464328
000000125313
000000159423
000000319127
000000576709
000000414982
000000070829
000000216802
000000399091
000000259374
000000151655
000000201698
000000256593
000000379966
000000206528
000000575863
000000058107
000000508725
000000335670
000000284088
000000112757
000000265663
000000151781
000000316161
000000290136
000000529409
000000465776
000000089500
000000275977
000000003398
000000061045
000000204682
000000097747
000000246104
000000038645
000000120987
000000427100
000000085155
000000302886
000000280879
000000393438
000000446481
000000523581
000000443268
000000216133
000000285784
000000244983
000000571610
000000058741
000000098836
000000153870
000000474906
000000209746
000000472250
000000148077
000000413172
000000058930
000000125193
000000088817
000000012302
000000223526
000000579213
000000510962
000000565921
000000432008
000000149053
000000487571
000000408501
000000357733
000000118690
000000168748
000000125116
000000547528
000000536781
000000456708
000000026247
000000024728
000000517443
000000362642
000000095778
000000026409
000000571343
000000021678
000000374458
000000121365
000000452799
000000577749
000000201622
000000441229
000000449302
000000479879
000000032071
000000024621
000000208107
000000147646
000000370363
000000536318
000000383760
000000457360
000000342998
000000277749
000000364522
000000527163
000000086344
000000511658
000000361400
000000313502
000000107782
000000272036
000000193690
000000072091
000000049611
000000514402
000000075898
000000563655
000000064884
000000525035
000000302282
000000505092
000000139754
000000110581
000000420775
000000184810
000000096732
000000481462
000000377619
000000172377
000000141927
000000103692
000000309571
000000187134
000000324286
000000266386
000000173544
000000116803
000000227307
000000334410
000000275830
000000166592
000000147170
000000392209
000000396204
000000082508
000000070557
000000320008
000000476624
000000045446
000000530875
000000546655
000000124509
000000240322
000000418106
000000226270
000000278760
000000194161
000000358494
000000270278
000000148827
000000427864
000000005933
000000308568
000000346377
000000579362
000000245983
000000249611
000000445071
000000096538
000000223988
000000425062
000000426840
000000127586
000000134111
000000082585
000000036915
000000208817
000000389103
000000479442
000000009217
000000265344
000000096458
000000464605
000000370242
000000034381
000000329387
000000162032
000000201116
000000169152
000000487456
000000528493
000000085941
000000444928
000000186508
000000433826
000000542582
000000516846
000000316852
000000367452
000000486769
000000272421
000000053956
000000402829
000000170129
000000209084
000000357762
000000350631
000000581499
000000366379
000000249404
000000497005
000000118514
000000097099
000000547643
000000501694
000000209179
000000553609
000000035887
000000136015
000000327367
000000160159
000000171443
000000148462
000000093127
000000143877
000000564449
000000388464
000000019707
000000312894
000000327432
000000408016
000000282158
000000524777
000000414022
000000560437
000000285681
000000183617
000000272783
000000482479
000000205916
000000079530
000000068149
000000156410
000000116941
000000240263
000000083656
000000084341
000000513980
000000489616
000000061850
000000039790
000000004555
000000498804
000000393410
000000359104
000000198405
000000039958
000000200938
000000152526
000000505852
000000569294
000000368626
000000488120
000000364959
000000481981
000000494498
000000438287
000000399009
000000292782
000000510359
000000436085
000000144259
000000364252
000000490851
000000251932
000000327262
000000460373
000000178606
000000557127
000000212011
000000105237
000000409979
000000548792
000000457720
000000070444
000000571929
000000501917
000000137452
000000400622
000000371703
000000035424
000000289423
000000091697
000000578819
000000160855
000000388500
000000064626
000000156700
000000144944
000000374171
000000042760
000000006560
000000261520
000000017226
000000112252
000000100087
000000128763
000000135361
000000125686
000000049275
000000266200
000000151077
000000264619
000000271970
000000493797
000000550103
000000407559
000000231532
000000288599
000000532065
000000470370
000000194421
000000413598
000000370273
000000233327
000000514950
000000107450
000000048907
000000038030
000000021864
000000558406
000000511713
000000102073
000000522487
000000466005
000000037325
000000553935
000000118463
000000451859
000000066255
000000448504
000000095692
000000355035
000000400851
000000184954
000000503292
000000371595
000000490714
000000034193
000000468679
000000264316
000000394739
000000033958
000000349352
000000371453
000000392290
000000182127
000000118076
000000435929
000000356970
000000146954
000000422563
000000094625
000000078920
000000060437
000000378859
000000390610
000000402723
000000317286
000000095063
000000097790
000000408480
000000460030
000000433353
000000237034
000000467154
000000449095
000000143386
000000300260
000000362312
000000247306
000000142552
000000395083
000000162390
000000168178
000000155461
000000429644
000000368370
000000092753
000000232842
000000270512
000000158307
000000187563
000000249711
000000083023
000000402936
000000260627
000000439139
000000075965
000000470885
000000009707
000000427232
000000239448
000000186717
000000398525
000000345216
000000067726
000000110551
000000084870
000000132850
000000401003
000000306718
000000156624
000000316351
000000538291
000000353509
000000436984
000000516264
000000102357
000000159530
000000067018
000000041437
000000542088
000000376456
000000351384
000000534796
000000006527
000000125898
000000237385
000000277204
000000495852
000000211593
000000154352
000000387173
000000061532
000000281827
000000451620
000000500594
000000101703
000000414848
000000511972
000000061138
000000288378
000000172271
000000380109
000000304794
000000514426
000000465603
000000251251
000000475438
000000009809
000000563011
000000204275
000000111017
000000319070
000000505562
000000086987
000000221618
000000126537
000000137185
000000147277
000000153041
000000141755
000000209574
000000223183
000000396762
000000246815
000000369509
000000241292
000000193557
000000203299
000000047151
000000282197
000000414885
000000405226
000000341048
000000059393
000000527504
000000206933
000000114946
000000345275
000000284914
000000330583
000000514366
000000439628
000000575391
000000564496
000000179727
000000367329
000000143168
000000186641
000000542745
000000208376
000000197212
000000409510
000000111756
000000116431
000000053360
000000059961
000000086569
000000126264
000000337895
000000232985
000000001375
000000200288
000000446531
000000432868
000000015002
000000026817
000000073660
000000213107
000000316495
000000283772
000000233266
